  15280 ,   -2784 ,   -8108 ,     303 ,    -131 ,    -457
  15356 ,   -2916 ,   -7472 ,     602 ,     367 ,    -647
  15592 ,   -2772 ,   -7772 ,    -348 ,     230 ,    -114
  15276 ,   -2740 ,   -8100 ,   -3594 ,    -810 ,    1800
  14696 ,     600 ,  -12224 ,   32010 ,   -2799 ,  -16777
  15832 ,    2188 ,   -2152 ,   11840 ,    1049 ,   -7707
  16372 ,    1604 ,   -6008 ,     -13 ,    -129 ,    -171
  16312 ,    1716 ,   -5736 ,    -766 ,      43 ,     312
  16024 ,    1440 ,   -5436 ,   -2424 ,     122 ,    2034
  16332 ,     448 ,   -5412 ,   -9496 ,   -1912 ,    7878
---
  15976 ,     656 ,   -6636 ,    -776 ,    -609 ,   -1225
  16700 ,    1160 ,   -6408 ,   -3701 ,      73 ,    3183
  15188 ,   -1528 ,   -7996 ,  -21874 ,    1860 ,   17451
  13560 ,   -3100 ,  -11332 ,  -18850 ,   -1480 ,    9773
  13316 ,   -2728 ,  -10548 ,    -863 ,    1277 ,   -1054
  13748 ,   -2628 ,  -10368 ,   -1264 ,    -151 ,     188
  13568 ,   -2348 ,  -11692 ,    1350 ,    -262 ,   -1085
  17100 ,     168 ,     812 ,   19504 ,   -5319 ,  -21249
  15368 ,    1692 ,   -7520 ,     903 ,     -75 ,    1530
  15772 ,    2044 ,   -6932 ,   -6210 ,     580 ,    3568
---
  14148 ,   -2552 ,  -10316 ,     532 ,      60 ,    -632
  17792 ,     584 ,   -2436 ,   32767 ,    2430 ,  -32768
  16096 ,    2552 ,   -7504 ,     327 ,     -12 ,    1216
  15932 ,    1536 ,   -6944 ,   -1426 ,      42 ,     363
  15764 ,    1952 ,   -6776 ,  -32768 ,   -5651 ,   31875
  14428 ,   -3248 ,  -10180 ,  -11479 ,      76 ,    6961
  14188 ,   -3572 ,   -9360 ,   -3904 ,     135 ,     853
  13680 ,   -2600 ,  -11328 ,    7466 ,    -533 ,   -5509
  14412 ,    2096 ,   -3008 ,    6349 ,     517 ,  -15171
  15844 ,    1076 ,   -6104 ,   -4510 ,     348 ,    3093
---
  14436 ,   -3276 ,   -9316 ,    -353 ,    -315 ,    -195
  14436 ,   -3212 ,   -9456 ,    -271 ,     207 ,    -112
  14436 ,   -3176 ,   -9416 ,    -393 ,     268 ,    -155
  13352 ,   -2304 ,  -11448 ,   14599 ,     445 ,   -9439
  16596 ,    2764 ,   -1580 ,   20276 ,     806 ,  -13725
  16028 ,    1228 ,   -6836 ,   -2651 ,     -82 ,    2242
  15536 ,     496 ,   -6632 ,  -32768 ,   -5288 ,   29366
  14020 ,   -3404 ,   -9144 ,  -15436 ,     808 ,    7563
  13948 ,   -3168 ,  -10448 ,   -2498 ,     260 ,      29
  13728 ,   -3276 ,  -10268 ,    -972 ,      80 ,     -63
---
  15756 ,    2164 ,   -7552 ,   32767 ,    6570 ,  -32768
  16720 ,    2976 ,   -6572 ,    2458 ,    -302 ,   -2111
  15832 ,    1852 ,   -6684 ,   -1408 ,     -13 ,     591
  16408 ,    1368 ,   -5564 ,   -9248 ,    -138 ,    7479
  15128 ,   -2652 ,   -7256 ,  -27803 ,   -3086 ,   21108
  13740 ,   -3052 ,  -10644 ,   -9019 ,     559 ,    3398
  14468 ,   -3112 ,   -9828 ,   -1178 ,     -97 ,     155
  14256 ,   -3192 ,   -9804 ,   -2240 ,    -108 ,    1007
  11960 ,    -288 ,  -14320 ,   31057 ,     949 ,  -19865
  15440 ,    3180 ,   -4212 ,    8393 ,     449 ,  -12335
---
  14348 ,   -3164 ,   -9928 ,    -615 ,      94 ,      92
  14564 ,   -3044 ,   -9440 ,    -574 ,     166 ,      10
  14376 ,   -3048 ,   -9376 ,    -476 ,     106 ,    -148
  14448 ,   -2792 ,   -9188 ,     756 ,     547 ,    -718
  16600 ,    2380 ,   -4972 ,   32767 ,   17375 ,  -32768
  16140 ,    2744 ,   -6452 ,    3173 ,   -2248 ,   -3497
  15212 ,    2404 ,   -7936 ,   -1219 ,      18 ,     149
  17080 ,    2220 ,   -5352 ,  -19674 ,     931 ,   18299
  14536 ,   -1208 ,   -9028 ,  -26112 ,    3909 ,   14563
  14184 ,   -2468 ,  -10360 ,   -4787 ,    -107 ,    1826
---
  16060 ,    1504 ,   -7032 ,  -10188 ,     185 ,    9272
  15476 ,   -1952 ,   -7624 ,  -23210 ,   -3815 ,   18210
  13676 ,   -2844 ,  -10092 ,  -12072 ,    1917 ,    6532
  14260 ,   -2520 ,  -10548 ,   -3519 ,    -244 ,    1715
  14036 ,   -2584 ,  -10380 ,   -1940 ,    -877 ,     664
  13828 ,   -2364 ,  -10448 ,     -89 ,    -329 ,    -137
  14080 ,   -2200 ,  -10708 ,    -151 ,      13 ,    -374
  14860 ,     716 ,   -7568 ,   32767 ,   10617 ,  -32768
  15940 ,    1680 ,   -7788 ,    -883 ,    -712 ,    -672
  16232 ,    1800 ,   -6176 ,  -13562 ,      -1 ,   12338
---
  16032 ,    4872 ,   -6296 ,    4143 ,    -101 ,   -6230
  16060 ,    2820 ,   -6352 ,   -5792 ,     406 ,    4726
  14504 ,    -336 ,   -8732 ,  -20259 ,   -4822 ,   17556
  13444 ,   -1864 ,  -10604 ,  -14509 ,     957 ,    7891
  14524 ,   -2544 ,   -8916 ,    -556 ,    1053 ,    -252
  14736 ,   -2644 ,   -9656 ,   -1487 ,     358 ,     487
  14812 ,    1808 ,  -10688 ,   32767 ,   13202 ,  -23344
  15944 ,    5780 ,   -7000 ,    9631 ,   -1595 ,   -8028
  14920 ,    4504 ,   -7256 ,   -3596 ,     428 ,    2291
  14940 ,    2856 ,   -7060 ,  -32314 ,   -3751 ,   23878
---
  16924 ,    2876 ,   -6368 ,    8910 ,    -602 ,   -7537
  15300 ,    3020 ,   -7184 ,     194 ,    -442 ,   -1403
  15984 ,    2796 ,   -6052 ,  -11756 ,    -590 ,    9989
  15076 ,   -1212 ,   -7920 ,  -24207 ,   -3970 ,   18189
  15300 ,   -2412 ,   -7736 ,  -13921 ,    -194 ,    6445
  14960 ,   -2588 ,   -9052 ,   -1036 ,     576 ,      96
  14772 ,   -2380 ,   -9012 ,    -414 ,     346 ,     -40
  15848 ,    5116 ,  -10136 ,   32767 ,    1911 ,  -32768
  16244 ,    3684 ,   -7440 ,    5902 ,   -1043 ,   -7506
  15760 ,    2664 ,   -7008 ,   -8275 ,     439 ,    7185
---
  18540 ,     764 ,   -2596 ,   32767 ,    3299 ,  -32768
  15080 ,    2436 ,   -8252 ,     -93 ,     -32 ,   -1259
  16352 ,    3268 ,   -6444 ,   -8757 ,    1246 ,    6624
  15052 ,    -832 ,   -8312 ,  -20157 ,   -3691 ,   16310
  15024 ,   -1968 ,   -9036 ,  -10668 ,    2954 ,    4719
  14896 ,   -1980 ,   -8820 ,   -2598 ,     118 ,    1082
  14996 ,   -1752 ,   -9188 ,   -1808 ,      13 ,     742
  15136 ,   -1572 ,   -9084 ,    3201 ,    -178 ,   -3015
  18916 ,   -2936 ,    -832 ,   32767 ,   -4270 ,  -21077
  15224 ,    1488 ,   -8792 ,     953 ,    -154 ,   -1471
---
  14740 ,   -1736 ,   -9532 ,    2479 ,     166 ,   -1529
  14596 ,     416 ,   -7420 ,   32767 ,    4347 ,  -26299
  15952 ,    1840 ,   -7856 ,    2429 ,   -1122 ,   -3782
  16108 ,    2576 ,   -6468 ,  -19101 ,    1332 ,   18016
  14288 ,   -1132 ,   -9548 ,  -10589 ,    -809 ,    7271
  14536 ,   -1660 ,   -9544 ,   -7743 ,     196 ,    3842
  15032 ,   -1940 ,   -8540 ,   -2817 ,     242 ,    1451
  14856 ,   -1860 ,   -9228 ,   -2153 ,     252 ,     859
  15056 ,    2488 ,  -10768 ,   32767 ,    9654 ,  -25273
  16324 ,    4592 ,   -7624 ,    4096 ,   -1952 ,   -2315
---
  14828 ,   -1836 ,   -9060 ,     892 ,     814 ,   -1001
  12572 ,    1604 ,  -13260 ,   27927 ,    2783 ,  -20381
  15192 ,    2908 ,   -7044 ,   12325 ,    -716 ,  -18950
  16404 ,    4628 ,   -5888 ,  -12040 ,    -897 ,   10023
  14044 ,      28 ,   -9668 ,  -22795 ,   -1546 ,   15161
  15356 ,   -1472 ,   -8608 ,   -5123 ,   -1070 ,    2169
  14840 ,   -1592 ,   -9092 ,   -1955 ,    -792 ,     839
  15060 ,   -1716 ,   -8512 ,    -226 ,    -194 ,    -487
  14880 ,    2488 ,   -9060 ,   32767 ,    6705 ,  -30917
  15924 ,    5184 ,   -6700 ,    7712 ,    2255 ,   -6475
---
  13264 ,    -988 ,  -10880 ,    6687 ,    2331 ,   -5552
  14492 ,    3316 ,   -4420 ,    5923 ,     315 ,  -11565
  15404 ,    1512 ,   -7568 ,   -4771 ,     785 ,    3057
  14940 ,     756 ,   -8736 ,  -30593 ,   -5410 ,   22051
  15164 ,   -1336 ,   -9848 ,  -11006 ,    1445 ,    4918
  15212 ,   -1668 ,   -8816 ,    -978 ,     440 ,      69
  14728 ,   -1416 ,   -9124 ,    -904 ,     154 ,     250
  13288 ,     248 ,  -11376 ,   15733 ,    2649 ,  -11317
  14824 ,    3408 ,   -4476 ,    8627 ,    2482 ,  -14655
  14820 ,    3316 ,   -8060 ,   -1773 ,    -185 ,     436
---
  15940 ,    -516 ,   -8004 ,   27248 ,    3164 ,  -15067
  15332 ,    4784 ,   -4884 ,    9427 ,   -1320 ,  -12304
  15180 ,    3388 ,   -7592 ,   -3843 ,     -93 ,    3064
  15600 ,    1528 ,   -7012 ,  -31035 ,   -2307 ,   21939
  14804 ,   -1008 ,   -9072 ,  -15321 ,      32 ,    7910
  15504 ,   -1212 ,   -8392 ,   -2921 ,     384 ,    1196
  15520 ,   -1252 ,   -8020 ,   -1969 ,      79 ,     641
  15316 ,   -1132 ,   -8256 ,     700 ,     455 ,    -760
  14732 ,    3088 ,   -7020 ,   32767 ,    9724 ,  -24857
  14776 ,    5316 ,   -7208 ,    7397 ,   -1617 ,   -6227
---
  15848 ,   -1088 ,   -7292 ,    1304 ,     873 ,    -936
  15128 ,     756 ,   -9168 ,   19437 ,    3783 ,  -12601
  14284 ,    3576 ,   -4644 ,   12594 ,      -7 ,  -11534
  15468 ,    4144 ,   -6896 ,   -2290 ,    -488 ,    1547
  16608 ,    2784 ,   -5128 ,  -24041 ,   -2970 ,   17656
  14108 ,     488 ,  -10632 ,  -17765 ,   -2575 ,   10450
  15076 ,    -496 ,   -8532 ,   -3057 ,      38 ,    1585
  15560 ,    -504 ,   -8292 ,   -2434 ,    -133 ,    1101
  14968 ,    -612 ,   -8568 ,   -2474 ,     221 ,    1245
  15084 ,    -584 ,   -8636 ,     109 ,     506 ,    -529
---
  13940 ,    -848 ,  -10456 ,   -7768 ,     124 ,    4430
  14120 ,    -696 ,  -10332 ,    -629 ,     374 ,    -254
  14408 ,    -644 ,  -10400 ,     505 ,      56 ,    -295
  14288 ,    -964 ,   -9924 ,    6163 ,    1374 ,   -3577
  16380 ,   -1276 ,   -5040 ,   32767 ,    1516 ,  -30303
  14404 ,    5836 ,   -8732 ,     913 ,      58 ,   -2649
  15248 ,    4624 ,   -7460 ,   -8742 ,     782 ,    7374
  14016 ,    1664 ,   -9648 ,  -25675 ,   -7610 ,   20957
  14236 ,    -948 ,  -10088 ,  -10411 ,    -242 ,    5857
  14568 ,    -944 ,   -9740 ,   -1701 ,     337 ,     692
---
  14648 ,    -976 ,   -9176 ,    -383 ,     181 ,     258
  14924 ,    -980 ,   -9344 ,    -406 ,    -313 ,      81
  14808 ,   -1064 ,   -9372 ,    -438 ,     472 ,     -60
  14660 ,   -1108 ,   -9152 ,    -385 ,    -236 ,    -119
  14884 ,   -1008 ,   -9008 ,    -438 ,     830 ,     -73
  14804 ,    -996 ,   -9228 ,    -687 ,      13 ,     -64
  15064 ,    -904 ,   -9116 ,   -1413 ,    -570 ,     623
  15004 ,    -988 ,   -9088 ,   -6822 ,   -1234 ,    4566
  13644 ,    -208 ,  -13628 ,    3763 ,     914 ,   -1111
  15692 ,    3740 ,    -632 ,   32767 ,    3589 ,  -30311
---
  13012 ,    -860 ,  -12536 ,   -8191 ,    2186 ,    7326
  17280 ,   11424 ,   -3752 ,   32767 ,    3320 ,  -32768
  18532 ,    5116 ,   -8636 ,   -9559 ,   -6069 ,   10042
  10120 ,    1800 ,  -13124 ,  -32768 ,    3767 ,   32767
  12788 ,    -732 ,  -12672 ,   -4334 ,    1176 ,    1414
  13228 ,    -804 ,  -11412 ,   -1781 ,    -989 ,     826
  13304 ,    -680 ,  -11556 ,   -1118 ,     283 ,     342
  13184 ,    -812 ,  -11764 ,   -1707 ,    -188 ,     697
  13348 ,    -724 ,  -11824 ,   -4182 ,    1650 ,    4023
  12048 ,     284 ,  -12620 ,    8025 ,    3050 ,   -4739
---
  13188 ,    -612 ,  -11924 ,   -1826 ,     271 ,     899
  13024 ,    -512 ,  -12012 ,    -976 ,    -225 ,     381
  13184 ,    -540 ,  -11668 ,     -53 ,     673 ,    -192
  13616 ,    -392 ,  -11396 ,    -778 ,       8 ,    -144
  13320 ,    -348 ,  -11332 ,    -327 ,     438 ,    -403
  13360 ,       4 ,  -11168 ,   -1020 ,     375 ,    -957
  14244 ,     372 ,  -10504 ,   -1334 ,      -4 ,     441
  13860 ,     204 ,  -11732 ,   -3451 ,   -1281 ,    2981
  10280 ,     788 ,  -13320 ,   16969 ,    4432 ,   -7245
  15736 ,    2140 ,   -1384 ,   -2347 ,    8262 ,  -13548
---
  13948 ,   -2088 ,  -10484 ,  -16164 ,  -14277 ,    6874
  14436 ,   16360 ,  -10852 ,   32767 ,   -4395 ,  -32768
  16428 ,     948 ,   -8828 ,   -8274 ,   -3968 ,    3033
  14284 ,    -200 ,  -10876 ,  -22026 ,    5357 ,    1831
  15820 ,     776 ,   -7884 ,   -5404 ,   -2568 ,    6626
  12536 ,   -1248 ,  -10852 ,  -28680 ,   -2132 ,   21843
  13648 ,   -1068 ,  -11060 ,   -2713 ,     157 ,    1245
  14328 ,   -1168 ,  -11160 ,   -1353 ,    1016 ,     247
  14000 ,   -1124 ,  -10764 ,   -2268 ,     304 ,     924
  13452 ,   -1064 ,  -11248 ,   -2399 ,    -115 ,    1581
---
  13896 ,   -2332 ,  -10376 ,  -24214 ,    -349 ,   18161
  13528 ,   -1280 ,  -11816 ,   -8968 ,    -360 ,    4246
  13648 ,   -1408 ,  -10880 ,   -2771 ,     867 ,    1162
  13700 ,   -1204 ,  -11096 ,    -954 ,      61 ,     322
  13604 ,   -1004 ,  -11196 ,   -5276 ,     520 ,    3506
  11920 ,     692 ,  -14108 ,   22147 ,    4932 ,  -13313
  13516 ,     352 ,   -6528 ,  -10897 ,    2935 ,   -6588
  15068 ,    -576 ,   -8004 ,   -2543 ,       3 ,    1417
  14320 ,    -840 ,   -9360 ,  -25040 ,   -5760 ,   20359
  13560 ,   -1676 ,  -10920 ,  -12887 ,     699 ,    7063
---
  16100 ,    2876 ,   -7232 ,   -1082 ,     948 ,   -3204
  15192 ,     480 ,   -7828 ,   -3092 ,     -65 ,    2377
  14780 ,    -184 ,   -8660 ,  -13789 ,   -4334 ,   12525
  13752 ,   -1904 ,  -10352 ,  -13369 ,   -1319 ,   11062
  15332 ,   -1924 ,   -9040 ,    4516 ,    5976 ,   -4412
  15424 ,   -1404 ,   -5240 ,    7969 ,   22940 ,  -15696
  22312 ,    7224 ,    1976 ,   -6165 ,    9736 ,   -7250
  15704 ,    3588 ,    3008 ,     577 ,   -2401 ,     -49
  15980 ,    3032 ,    3392 ,     319 ,    -384 ,    -109
  21736 ,    -208 ,    2456 ,   -5526 ,   -8374 ,   27595
---  15224 ,   -2332 ,   -1324 ,    1202 ,    3119 ,    1017
  15192 ,   -1560 ,     996 ,  -10979 ,    2513 ,  -10392
  16536 ,    5076 ,    2084 ,   -1902 ,   -2861 ,   -1321
  16688 ,    2608 ,    1152 ,    -865 ,     159 ,    -735
  16576 ,    2616 ,    1212 ,    -373 ,    -187 ,    -456
  20400 ,    6468 ,    1216 ,    5106 ,    -158 ,     741
  10740 ,   -5464 ,   -2472 ,  -24586 ,   -4680 ,   22461
  12836 ,   -7952 ,   -6740 ,  -21145 ,    2812 ,   14222
  12188 ,   -8948 ,   -6964 ,  -13719 ,    -128 ,   -2130
  15456 ,    4856 ,  -12484 ,   32767 ,    1829 ,  -32768
---
  16596 ,    -612 ,   -2036 ,    -750 ,      59 ,   -1137
  16888 ,     888 ,    -904 ,    -281 ,    -625 ,     464
  16992 ,     884 ,    -536 ,    -389 ,    -223 ,    -231
  18372 ,     712 ,    -844 ,     -14 ,   -4024 ,     863
  17128 ,   -1404 ,   -2692 ,  -13972 ,     436 ,   20898
  13084 ,   -6996 ,   -6732 ,  -15633 ,    5983 ,   11645
  11484 ,   -8596 ,   -7604 ,  -18478 ,    4040 ,   10726
  29336 ,   15640 ,   -1056 ,   32767 ,  -25981 ,  -32768
  16800 ,   -1048 ,   -6012 ,   -7627 ,   -2435 ,    1667
  15760 ,   -1076 ,   -5504 ,   -8796 ,    1743 ,    1454
---
  16720 ,   -2812 ,     164 ,    -634 ,    -279 ,      55
  16992 ,   -3032 ,     -28 ,    -596 ,    -523 ,     101
  20860 ,   -3716 ,       8 ,   -8578 ,   -1004 ,    2997
   9900 ,   -8148 ,   -5036 ,  -22243 ,    3230 ,   11313
  11464 ,   -9644 ,   -6156 ,  -19267 ,    -925 ,    7760
  32767 ,    3088 ,    8792 ,   32767 ,  -18695 ,  -32768
  16492 ,   -1372 ,   -4752 ,   -7795 ,    -142 ,    3767
  15488 ,   -2612 ,   -5596 ,   -3759 ,     603 ,      54
  17104 ,   -2976 ,   -4376 ,   -2246 ,    2654 ,     979
  16312 ,   -2296 ,   -3180 ,      53 ,    2635 ,     677
---
  12408 ,   -7876 ,   -3476 ,  -18277 ,    1565 ,   17575
  12004 ,   -9072 ,   -7080 ,  -11518 ,    2644 ,    4607
  10520 ,   -8960 ,  -11352 ,   -8863 ,    1146 ,     207
  28216 ,    1316 ,    4356 ,   32767 ,  -20548 ,  -16582
  16908 ,     696 ,   -5416 ,   -3793 ,    -473 ,    3017
  16208 ,     436 ,   -5036 ,   -6276 ,     684 ,    4148
  15652 ,   -1804 ,   -6704 ,  -16080 ,   -2536 ,   13380
  14904 ,   -5276 ,   -7560 ,  -10834 ,     870 ,    9357
  13468 ,   -6096 ,   -8832 ,  -14890 ,    1810 ,    9193
  12656 ,   -5568 ,  -11208 ,   -4663 ,     311 ,    2318
---
  15716 ,   -1152 ,   -8120 ,   -2499 ,     349 ,     876
  15824 ,      64 ,   -6972 ,   -2004 ,    -511 ,     441
  16044 ,    -272 ,   -6976 ,    -479 ,    -291 ,      58
  15916 ,    -748 ,   -6828 ,    -544 ,    -151 ,     531
  16000 ,   -2944 ,   -5620 ,  -17609 ,   -2008 ,   17076
  14516 ,   -3372 ,  -10024 ,  -28732 ,    2804 ,   15292
  13612 ,   -3716 ,  -11284 ,   -2116 ,      70 ,    -415
  13528 ,   -3344 ,   -9896 ,    -293 ,     251 ,    -250
  14080 ,   -3316 ,  -10224 ,    -221 ,     127 ,    -524
  13412 ,   -3420 ,  -10992 ,    -198 ,    -378 ,    -473
---
  14148 ,   -3308 ,   -9876 ,     497 ,     187 ,    -615
  13720 ,   -2972 ,  -10220 ,     711 ,    -307 ,    -981
  13880 ,   -2544 ,  -10188 ,   -1899 ,     903 ,     899
  23148 ,   -2692 ,    5432 ,   32767 ,   -8420 ,  -18782
  16160 ,     980 ,   -8384 ,   -3609 ,     121 ,    5988
  14972 ,    -624 ,   -8796 ,  -14157 ,   -2992 ,   14609
  13228 ,   -3300 ,  -10576 ,  -18664 ,    1812 ,   12965
  13688 ,   -2932 ,  -11940 ,   -8426 ,    -833 ,    3881
  13448 ,   -2740 ,  -11320 ,   -1223 ,     597 ,     184
  13712 ,   -2668 ,  -10712 ,    -932 ,     604 ,     465
---
  13792 ,   -2436 ,  -10328 ,   -2935 ,     406 ,    1789
  13912 ,   -2796 ,  -10344 ,   -3897 ,    1636 ,    3327
  26836 ,    4196 ,    6036 ,   32767 ,   -8862 ,  -32768
  16200 ,    -360 ,   -9428 ,   -4039 ,    -638 ,    6838
  15684 ,   -1028 ,   -7584 ,  -20272 ,     349 ,   19784
  12988 ,   -3620 ,  -10876 ,  -19028 ,    1843 ,   11813
  13028 ,   -2528 ,  -11996 ,   -5445 ,      -6 ,    2826
  13520 ,   -2612 ,  -10948 ,   -1844 ,     638 ,     623
  13568 ,   -2576 ,  -10920 ,    -680 ,    -109 ,    -132
  13612 ,   -2556 ,  -11216 ,    -239 ,      74 ,    -314
---
  15316 ,    2364 ,  -10448 ,   -7468 ,    -421 ,    5066
  15832 ,     936 ,   -8272 ,   -8263 ,     366 ,    7266
  14728 ,   -1780 ,   -9088 ,  -15833 ,   -2790 ,   15184
  13268 ,   -2948 ,  -10548 ,  -16346 ,    2313 ,   10614
  13644 ,   -2276 ,  -10736 ,   -5173 ,    -163 ,    2302
  14020 ,   -2244 ,  -10844 ,   -2050 ,      61 ,    1069
  13760 ,   -2076 ,  -10780 ,   -1463 ,    -305 ,     698
  13608 ,   -2096 ,  -11148 ,    -921 ,     281 ,     343
  13696 ,   -2108 ,  -10948 ,    -770 ,     102 ,     428
  13688 ,   -2028 ,  -11364 ,    -168 ,     -42 ,     -77
---
  14632 ,   -3116 ,  -10860 ,   -1517 ,    1494 ,    2990
  13840 ,   -3868 ,   -9240 ,   -1013 ,    -250 ,    -362
  18048 ,    1368 ,    9792 ,   20261 ,    -103 ,  -15759
  15648 ,   -2768 ,   -9732 ,    2003 ,    -367 ,    3398
  14608 ,   -1796 ,   -8812 ,  -10236 ,     119 ,    8736
  13032 ,   -3588 ,  -11204 ,  -22057 ,    -872 ,   17037
  12872 ,   -2504 ,  -12088 ,  -10860 ,    1595 ,    5151
  12808 ,   -2280 ,  -12008 ,   -2465 ,     490 ,    1021
  13324 ,   -2088 ,  -11696 ,    -798 ,     308 ,      32
  12956 ,   -2204 ,  -11640 ,    -772 ,      14 ,     228
---
  11964 ,   -1792 ,  -12272 ,   -7607 ,    3910 ,    8461
  14712 ,   -3532 ,   -8800 ,      47 ,     713 ,    -411
  13704 ,   -1980 ,  -10560 ,    -407 ,    1674 ,    -611
  30032 ,   -8184 ,   13216 ,   32767 ,  -14730 ,  -24526
  14932 ,   -1500 ,   -9332 ,   -1261 ,     805 ,    7084
  15096 ,   -2328 ,   -9460 ,  -20978 ,   -1494 ,   22275
  12360 ,   -3224 ,  -11632 ,  -19166 ,    3751 ,   12550
  13468 ,   -2584 ,  -11284 ,  -10964 ,    1507 ,    6923
  13620 ,   -2468 ,  -11436 ,   -2700 ,      89 ,    1678
  12600 ,   -1808 ,  -12060 ,   -3107 ,    1045 ,    1759
---
  14132 ,   -1904 ,  -10132 ,    -859 ,     526 ,     437
  14456 ,   -1660 ,  -10092 ,    -309 ,     218 ,    -163
   6484 ,   24888 ,  -15852 ,   32767 ,    7264 ,  -32768
  15392 ,    3856 ,   -9204 ,   -2482 ,   -2094 ,    3650
  16012 ,     352 ,   -6996 ,  -15254 ,      23 ,   16154
  13804 ,   -3780 ,  -10632 ,  -13281 ,    1845 ,    9262
  12432 ,   -2812 ,  -11732 ,  -19035 ,    1746 ,    9721
  12896 ,   -1336 ,  -12452 ,   -7550 ,    -482 ,    3584
  13180 ,   -1228 ,  -11936 ,   -1586 ,     413 ,     394
  13056 ,    -896 ,  -12156 ,   -1057 ,     268 ,     326
---
  16676 ,    3672 ,   -5228 ,    5353 ,   -5383 ,   -2191
  14872 ,    -372 ,   -7688 ,   -4146 ,      78 ,    2370
  16224 ,    -108 ,   -7432 ,   -6098 ,      -8 ,    5373
  15376 ,   -1528 ,   -7960 ,   -6582 ,   -1167 ,    6146
  13236 ,   -3120 ,  -10420 ,  -12274 ,   -1385 ,    9790
  12840 ,   -2636 ,  -12532 ,  -15903 ,     629 ,    9674
  12692 ,   -2320 ,  -11608 ,   -4981 ,    1281 ,    2573
  13268 ,   -2124 ,  -11424 ,    -940 ,    1306 ,     230
  13284 ,   -1960 ,  -11556 ,    -710 ,     204 ,      87
  13380 ,   -1852 ,  -11600 ,    -328 ,     373 ,    -112
---
  13888 ,   -1748 ,  -11380 ,   -3541 ,      88 ,    2004
  14984 ,   -1244 ,  -10536 ,   -3486 ,    6017 ,    6750
  22472 ,   -1868 ,    3700 ,   32767 ,     689 ,  -32768
  15640 ,     440 ,   -9520 ,   -3090 ,    -135 ,    5613
  15032 ,   -1920 ,   -9788 ,  -23573 ,   -1930 ,   23113
  12976 ,   -2944 ,  -11320 ,  -14318 ,   -1900 ,    9427
  12736 ,   -1784 ,  -12552 ,   -5777 ,    -901 ,    3475
  13280 ,   -1768 ,  -11616 ,   -1836 ,    2986 ,     985
  13940 ,   -1672 ,  -10908 ,    -367 ,     141 ,    -171
  14248 ,   -1536 ,  -10248 ,   -1328 ,     667 ,     -96
---
  15404 ,    5092 ,   -8884 ,   -3072 ,   -1094 ,    3862
  14236 ,    1644 ,   -8956 ,   -6377 ,    1117 ,    4663
  15320 ,    -664 ,   -8576 ,  -18568 ,   -2714 ,   18612
  13944 ,   -2144 ,  -10664 ,  -16625 ,    -768 ,   11933
  13348 ,   -1632 ,  -11916 ,  -10948 ,    1267 ,    6457
  13944 ,   -1452 ,  -11032 ,   -3986 ,     523 ,    1824
  13472 ,   -1376 ,  -10988 ,    -211 ,      96 ,    -145
  13536 ,   -1332 ,  -11360 ,    -723 ,     -20 ,      35
  13508 ,   -1180 ,  -11092 ,    -950 ,    -174 ,     223
  13708 ,   -1156 ,  -11212 ,    -782 ,      97 ,     -20
---
  13224 ,    -904 ,  -11380 ,   -4933 ,     637 ,    3510
  13356 ,    -804 ,  -10680 ,   -9136 ,    -120 ,    7210
  26924 ,   14928 ,    1904 ,   32767 ,    3398 ,  -32768
  16620 ,   -1400 ,  -10792 ,    -980 ,    -554 ,    1026
  15460 ,     780 ,   -8376 ,   -3418 ,    -379 ,    2523
  15104 ,    -696 ,   -8292 ,   -8226 ,    -535 ,    5918
  15192 ,   -2292 ,   -8556 ,  -19092 ,   -6627 ,   15523
  13048 ,   -2088 ,  -11040 ,  -10262 ,    1809 ,    6052
  13584 ,   -1348 ,  -11280 ,   -3851 ,     221 ,    1981
  13668 ,   -1276 ,  -10992 ,    -712 ,     626 ,    -226
---
  12568 ,   -1152 ,  -12128 ,    -792 ,     174 ,     129
  13232 ,   -1260 ,  -11916 ,    -349 ,      99 ,     144
  12992 ,   -1572 ,  -10764 ,   -2551 ,     955 ,    1586
   8488 ,    2168 ,  -17748 ,   32173 ,    2575 ,  -23180
  18612 ,    5004 ,   -7708 ,    2744 ,   -3048 ,   -5274
  15008 ,   -1160 ,   -8556 ,   -6979 ,     988 ,    4001
  12916 ,   -1264 ,  -12688 ,   -9417 ,   -1069 ,    4643
  13492 ,    -676 ,  -11544 ,  -16889 ,   -1753 ,   11252
  13408 ,    -904 ,  -11184 ,   -8872 ,     939 ,    4848
  13740 ,    -984 ,  -11216 ,   -2725 ,    -149 ,    1458
---
  13908 ,   -1076 ,  -10456 ,    -675 ,    -150 ,     184
  12536 ,    -832 ,  -13144 ,    -484 ,   -2445 ,     874
  10072 ,    6832 ,    3472 ,   18835 ,    6569 ,  -20221
  14716 ,    1164 ,   -8356 ,  -10018 ,    1118 ,   13592
  14952 ,     188 ,   -8580 ,  -15236 ,   -3229 ,   15039
  14092 ,   -1844 ,  -10796 ,  -22713 ,     801 ,   18630
  13284 ,    -560 ,  -11504 ,  -11790 ,     872 ,    6490
  13328 ,    -732 ,  -11476 ,   -2058 ,    1051 ,    1296
  13388 ,    -684 ,  -11196 ,    -727 ,     286 ,     280
  13572 ,    -624 ,  -10752 ,   -1021 ,     -42 ,     494
---
  14616 ,     980 ,   -8948 ,   -7694 ,      43 ,    3795
  14816 ,     352 ,   -9076 ,   -6470 ,    -252 ,    5101
  14968 ,    -612 ,   -8904 ,   -3419 ,      70 ,     522
  14932 ,    -784 ,   -8712 ,   -4357 ,    -356 ,    3115
  14048 ,   -1384 ,  -10064 ,  -15216 ,   -1005 ,   10065
  14652 ,   -1816 ,   -9368 ,  -15022 ,    -403 ,   10434
  13616 ,   -1648 ,  -10948 ,   -4888 ,    -706 ,    2932
  13368 ,   -1596 ,  -11144 ,   -1900 ,    -220 ,    1255
  13492 ,   -1860 ,  -11232 ,   -1389 ,      77 ,     999
  13888 ,   -2036 ,  -10240 ,     143 ,     285 ,    -497
---
  14156 ,   -1860 ,  -10528 ,    -517 ,     239 ,     -54
  14228 ,   -1660 ,  -10636 ,    -333 ,     754 ,    -246
  15288 ,   -1632 ,  -10328 ,    -389 ,     736 ,    -320
  14028 ,   -2144 ,  -10320 ,    -875 ,      27 ,     224
  11728 ,     176 ,  -11948 ,   17001 ,    7605 ,  -10017
  13708 ,    1360 ,   -5636 ,   20074 ,   -8480 ,  -20859
  15152 ,    -812 ,   -8700 ,   -9534 ,    1028 ,    7549
  13224 ,   -2240 ,  -11256 ,  -26402 ,   -5271 ,   19957
  12464 ,   -1676 ,  -12632 ,  -14787 ,    2048 ,    9121
  13052 ,   -1584 ,  -12120 ,    -643 ,    1159 ,    -155
---  13288 ,   -1500 ,  -11344 ,     -31 ,    1028 ,      35
  13548 ,   -1236 ,  -11484 ,   -2092 ,    -579 ,    1305
  13768 ,   -1568 ,  -12396 ,   -5937 ,    1379 ,    4609
  12456 ,    1432 ,    1752 ,    -669 ,    9614 ,   -7880
  15584 ,   -1864 ,   -7472 ,   -5579 ,     118 ,    8064
  13856 ,   -2380 ,  -10144 ,  -13279 ,   -1151 ,   10812
  12292 ,   -2664 ,  -11564 ,  -20677 ,    2083 ,   14436
  13344 ,   -2000 ,  -11988 ,  -10330 ,    -131 ,    5980
  12800 ,   -1704 ,  -12148 ,   -2691 ,    1833 ,    1314
  12592 ,   -1568 ,  -12440 ,   -1384 ,    1136 ,     556
---
  17088 ,     444 ,   -9096 ,   -5070 ,    -100 ,    1399
  16744 ,    -200 ,   -7572 ,   -6853 ,    2266 ,    8644
  14928 ,   -2880 ,   -8372 ,  -14666 ,   -6028 ,   11565
  13876 ,   -3368 ,   -9820 ,  -14898 ,    -425 ,    7429
  13264 ,   -2604 ,  -11760 ,  -12005 ,     707 ,    5456
  13208 ,   -2452 ,  -11344 ,   -1842 ,    -234 ,     735
  13468 ,   -2380 ,  -11388 ,   -1528 ,     718 ,     651
  13396 ,   -2432 ,  -11344 ,   -2690 ,     396 ,    1457
  13540 ,   -2320 ,  -11292 ,   -1225 ,     732 ,     204
  12880 ,   -2040 ,  -11876 ,    -909 ,     -53 ,     334
---
  15292 ,    -260 ,   -8760 ,   -1091 ,     -13 ,     678
  15560 ,    -372 ,   -8252 ,   -7279 ,    -587 ,    5769
  14440 ,   -2236 ,   -9564 ,   -5691 ,   -2607 ,    7150
  12808 ,   -3556 ,  -12412 ,  -16205 ,    -127 ,   14398
  11960 ,   -2348 ,  -12972 ,  -12449 ,    1059 ,    7830
  12732 ,   -1636 ,  -12608 ,   -4370 ,     949 ,    2290
  12976 ,   -1612 ,  -11816 ,   -2301 ,    1073 ,    1327
  12928 ,   -1520 ,  -11612 ,    -811 ,      84 ,     252
  12684 ,   -1352 ,  -12020 ,    -126 ,     122 ,    -145
  12920 ,   -1392 ,  -11944 ,   -1487 ,     188 ,     589
---
  13680 ,   -2076 ,  -11068 ,   -2130 ,      16 ,    1012
  14084 ,   -2444 ,  -10060 ,    -711 ,    1038 ,     718
  11872 ,   -1020 ,  -13740 ,   11544 ,    1609 ,   -7089
  11204 ,   -3024 ,   -1064 ,    8282 ,   -9768 ,  -10577
  15460 ,   -1776 ,   -7148 ,    -935 ,    -276 ,    -493
  15672 ,   -1532 ,   -7852 ,   -7527 ,   -2557 ,    6747
  13272 ,   -2572 ,  -10736 ,  -17578 ,   -4168 ,   13784
  12332 ,   -2612 ,  -12576 ,  -12400 ,     -17 ,    7180
  12468 ,   -2348 ,  -12560 ,   -4383 ,    1008 ,    2326
  12560 ,   -2144 ,  -12064 ,    -496 ,     362 ,      -9
---
  15592 ,    -136 ,   -7648 ,   -1008 ,     160 ,     469
  15580 ,    -476 ,   -7404 ,   -1963 ,    -293 ,    1337
  16024 ,    -596 ,   -6848 ,  -13004 ,   -2298 ,    8807
  14108 ,   -1928 ,   -8660 ,  -16490 ,    -128 ,   13785
  13440 ,   -2820 ,  -10832 ,  -13230 ,    -790 ,    9309
  13096 ,   -2204 ,  -11988 ,   -5925 ,     845 ,    3049
  13124 ,   -2088 ,  -11312 ,   -1884 ,     776 ,     663
  13576 ,   -1960 ,  -11356 ,   -8016 ,   -1342 ,    5530
  12764 ,   -1848 ,  -12644 ,   -5277 ,    1595 ,    3992
  13268 ,   -2220 ,  -11156 ,   -1612 ,    1736 ,     963
---
  13740 ,   -1712 ,  -10988 ,       7 ,     894 ,    -200
  13608 ,   -1800 ,  -10832 ,    -399 ,     232 ,      15
  13128 ,   -1308 ,  -11964 ,     316 ,     897 ,    -204
  12424 ,     688 ,   -3536 ,    9599 ,     270 ,  -13600
  15172 ,    -740 ,   -7720 ,   -2704 ,       9 ,    1631
  15488 ,    -880 ,   -7904 ,  -13920 ,   -2770 ,   12798
  12684 ,   -2424 ,  -11284 ,  -24241 ,   -2247 ,   17162
  12412 ,   -2040 ,  -12276 ,   -5911 ,     -81 ,    3271
  12988 ,   -1624 ,  -11808 ,    -990 ,    1420 ,     156
  13368 ,   -1652 ,  -11380 ,    -774 ,     540 ,     213
---
  13812 ,   -1724 ,  -11908 ,     109 ,    -425 ,    -236
  10672 ,    1556 ,    1360 ,    9573 ,    -624 ,  -22402
  14880 ,    -620 ,   -7580 ,    1975 ,     -60 ,     557
  15624 ,     308 ,   -8592 ,   -1693 ,     152 ,    1646
  16240 ,   -3096 ,   -6844 ,  -28340 ,     608 ,   22928
  13464 ,   -4180 ,  -10680 ,  -19619 ,    4955 ,   14822
  13172 ,   -4260 ,  -10896 ,   -7033 ,    2074 ,    4046
  14684 ,   -5028 ,   -8120 ,    -780 ,     455 ,    -382
  14320 ,   -4828 ,   -8992 ,   -1731 ,    -330 ,    -423
  14224 ,   -4312 ,   -9156 ,    -695 ,    -990 ,    -247
---
  13644 ,   -3764 ,  -10960 ,   -5758 ,    1939 ,    5759
  13520 ,   -4020 ,   -9820 ,   -4455 ,    1019 ,    2644
   5456 ,   14824 ,  -22584 ,   32767 ,  -27053 ,  -32768
  18788 ,     880 ,   -7784 ,   -7464 ,   -2188 ,    -787
  16080 ,   -1960 ,   -6528 ,  -15230 ,   -1137 ,   14923
  13816 ,   -4280 ,   -9208 ,  -18217 ,   -1174 ,   13807
  10968 ,   -3220 ,  -12736 ,  -14956 ,    4830 ,    7012
  12580 ,   -2800 ,  -12280 ,   -1469 ,     373 ,     -10
  13540 ,   -2708 ,  -10932 ,    -530 ,     535 ,    -327
  13196 ,   -2664 ,  -11344 ,   -1087 ,    -309 ,     407
---
  13132 ,   -2208 ,  -11416 ,   -1244 ,     363 ,     620
  13204 ,   -2232 ,  -11396 ,   -2540 ,      97 ,    1957
   5024 ,    6696 ,  -18244 ,   32767 ,    8036 ,  -32768
  19324 ,    4452 ,   -7536 ,    6220 ,     820 ,   -1989
  14888 ,   -1716 ,   -7628 ,  -19713 ,    1861 ,   14620
  14936 ,   -3368 ,   -8416 ,  -13746 ,   -3404 ,   12150
  11568 ,   -3700 ,  -12668 ,  -14762 ,    2327 ,   10500
  12752 ,   -2008 ,  -11744 ,   -7971 ,    3338 ,    3128
  12992 ,   -2004 ,  -11732 ,   -1854 ,     638 ,     579
  13512 ,   -1756 ,  -11240 ,    -584 ,     922 ,     -49
---
  13532 ,   -1832 ,  -10944 ,   -1422 ,     532 ,     321
  13876 ,   -2288 ,   -9908 ,    -407 ,     747 ,      28
   7792 ,    7376 ,  -21100 ,   32767 ,   -4514 ,  -32768
  16392 ,    3520 ,   -7444 ,    -481 ,   -2289 ,    4352
  15008 ,     -68 ,   -8372 ,   -5737 ,    -208 ,    3751
  14424 ,   -2724 ,   -9052 ,  -12272 ,   -2236 ,   11241
  13956 ,   -3908 ,   -9736 ,  -10118 ,   -1744 ,    7622
  12600 ,   -3172 ,  -11860 ,  -13016 ,     751 ,    6977
  12524 ,   -2088 ,  -12504 ,   -4034 ,    -319 ,    2031
  12928 ,   -2272 ,  -12084 ,   -2709 ,    -111 ,    1281
---
  12664 ,   -1832 ,  -12936 ,   -6316 ,     790 ,    4897
  13076 ,   -1924 ,  -11304 ,   -2391 ,     723 ,    1219
  32767 ,  -11320 ,   22632 ,   32767 ,  -10792 ,  -32768
  16464 ,   -3600 ,   -9016 ,   -1031 ,    -123 ,    3334
  14212 ,   -2816 ,   -9500 ,  -11988 ,     274 ,    8796
  15512 ,   -2500 ,   -8444 ,  -11772 ,    -561 ,    6998
  11892 ,   -4248 ,  -12100 ,  -15210 ,    1257 ,   12130
  12204 ,   -2504 ,  -12536 ,   -9729 ,    2950 ,    4862
  12388 ,   -2012 ,  -12352 ,   -3097 ,    1453 ,    1332
  13288 ,   -1796 ,  -11808 ,   -1317 ,      -9 ,     583
---
  13128 ,   -1448 ,  -11740 ,   -3097 ,     752 ,    2058
  14332 ,   -2152 ,  -10060 ,   -1982 ,    2233 ,    1536
  32620 ,   17748 ,    4676 ,   32767 ,   -3165 ,  -32768
  16772 ,   -3072 ,  -11280 ,      47 ,   -1543 ,    4815
  15632 ,     -52 ,   -9016 ,   -7120 ,    -287 ,    6358
  16492 ,   -1180 ,   -7864 ,  -10719 ,    -729 ,    9124
  12228 ,   -3868 ,  -12584 ,  -25691 ,    1827 ,   20506
  11624 ,   -1708 ,  -13332 ,  -10939 ,     924 ,    6637
  11996 ,   -1264 ,  -13008 ,   -1317 ,    1488 ,     262
  12904 ,   -1496 ,  -11848 ,   -1150 ,     457 ,     220
---
  13216 ,   -1032 ,  -11540 ,   -1019 ,     558 ,     462
  13024 ,   -1040 ,  -11572 ,    -474 ,     274 ,      31
   9592 ,    2896 ,  -16496 ,   12489 ,    3714 ,   -7195
  21272 ,    7464 ,  -10916 ,   10859 ,   -2373 ,  -13178
  14888 ,   -1004 ,   -8884 ,   -7671 ,     170 ,    7062
  12072 ,   -3484 ,  -12448 ,  -15465 ,   -2634 ,   14393
  11052 ,   -3424 ,  -12348 ,  -18303 ,     -78 ,   13950
  11368 ,   -1980 ,  -13168 ,   -6120 ,     374 ,    3360
  11872 ,   -1332 ,  -13000 ,   -2008 ,     612 ,    1023
  12376 ,   -1240 ,  -13072 ,   -2350 ,     821 ,    1365
---
  13380 ,   -1288 ,  -11836 ,   -1366 ,    1762 ,    1398
   7672 ,    5292 ,  -16416 ,   32767 ,   -4416 ,  -32768
  17620 ,    4972 ,   -6640 ,   -2835 ,    -516 ,    7048
  14648 ,   -2132 ,   -8556 ,   -3759 ,    -998 ,     529
  14608 ,   -2124 ,   -9460 ,  -20743 ,   -1579 ,   18870
  13272 ,   -3712 ,  -10352 ,  -26269 ,     698 ,   19368
  11348 ,   -2208 ,  -13680 ,  -12073 ,    3071 ,    7064
  12452 ,   -1544 ,  -12752 ,   -3446 ,     968 ,    1742
  13052 ,   -1512 ,  -12076 ,   -1118 ,    1342 ,     173
  13032 ,   -1336 ,  -12216 ,    -669 ,     469 ,     160
---
  13096 ,   -1240 ,  -12100 ,   -2266 ,     401 ,    1511
  26784 ,   23436 ,  -18872 ,   32767 ,    5040 ,  -32768
  15324 ,   -2648 ,  -10304 ,     872 ,     -88 ,    6347
  14780 ,   -2204 ,   -9504 ,   -2737 ,    -781 ,     604
  14044 ,   -3256 ,  -10520 ,  -22447 ,    -427 ,   18505
  12960 ,   -4980 ,  -11924 ,   -8294 ,    -393 ,    9103
  11340 ,   -3332 ,  -13436 ,  -17797 ,     337 ,   11542
  10944 ,   -1376 ,  -13544 ,   -5439 ,    1202 ,    3190
  11068 ,   -1052 ,  -13788 ,    -102 ,     744 ,    -282
  11664 ,   -1092 ,  -13236 ,    -647 ,       9 ,     -96
---
  25964 ,  -20720 ,    7612 ,   32767 ,   -8817 ,  -32768
  14696 ,   -1544 ,   -9056 ,   -2826 ,    -574 ,    3624
  15508 ,    -548 ,   -8592 ,   -3348 ,    -215 ,    2130
  10268 ,   -6668 ,   -9404 ,  -25175 ,   -2860 ,   32767
  10844 ,   -3332 ,  -14320 ,  -25852 ,    9269 ,   14863
  10936 ,   -1660 ,  -13576 ,   -8602 ,    1476 ,    6213
  11792 ,   -1304 ,  -12928 ,   -1999 ,    1732 ,    1458
  11820 ,    -952 ,  -13052 ,    -740 ,      60 ,     430
  11996 ,   -1016 ,  -12896 ,   -1899 ,    -139 ,    1037
  12044 ,    -856 ,  -13076 ,    -761 ,      65 ,     332
---
  12584 ,    -476 ,  -12408 ,    -743 ,    -121 ,    -229
  14776 ,    8720 ,  -11112 ,   32767 ,   17836 ,  -32768
  16236 ,   -2704 ,  -11204 ,   -1092 ,   -1617 ,    1494
  13992 ,   -2244 ,   -9420 ,   -7861 ,     901 ,    6641
  12400 ,   -3968 ,  -12016 ,  -11297 ,    -291 ,    8765
  11912 ,   -3604 ,  -12252 ,  -21472 ,    -672 ,   17012
  10920 ,   -1460 ,  -14188 ,   -8126 ,     623 ,    3847
  11936 ,   -1040 ,  -13116 ,   -2280 ,     155 ,    1138
  12000 ,    -940 ,  -13084 ,    -781 ,     312 ,      88
  12024 ,   -1108 ,  -12768 ,    -394 ,     325 ,      28
---
  12500 ,    -536 ,  -12560 ,   -5299 ,    1432 ,    4667
  12640 ,   -1068 ,  -11744 ,    -789 ,      -8 ,     -15
  16256 ,   24480 ,  -24972 ,   32767 ,   18161 ,  -32768
  16068 ,    -552 ,  -11148 ,    -516 ,   -1645 ,    1613
  13848 ,   -1976 ,   -9864 ,   -5004 ,      78 ,    4298
  12544 ,   -3540 ,  -11380 ,  -18140 ,     317 ,   16810
  11672 ,   -2480 ,  -13064 ,  -22549 ,    1536 ,   15070
  11428 ,   -1712 ,  -13448 ,   -5467 ,     301 ,    3234
  11832 ,   -1456 ,  -13252 ,   -1875 ,     214 ,    1016
  11972 ,   -1032 ,  -13400 ,   -1507 ,     367 ,     774
---
  12276 ,   -1224 ,  -12432 ,   -2866 ,     586 ,    1731
   6772 ,   23332 ,  -26156 ,   32767 ,   13987 ,  -32768
  16440 ,    -448 ,  -10984 ,   -3572 ,   -1509 ,    3159
  13748 ,   -1180 ,   -9200 ,  -14712 ,    2202 ,   11755
  13648 ,   -3108 ,  -11096 ,  -18224 ,    1112 ,   13776
  12404 ,   -2924 ,  -11508 ,  -21450 ,    3354 ,   13765
  11892 ,   -1432 ,  -13516 ,   -6329 ,    1401 ,    3853
  12676 ,   -1512 ,  -12504 ,     -91 ,    -137 ,    -482
  12768 ,   -1540 ,  -11764 ,    -681 ,     208 ,     -46
  12636 ,   -1376 ,  -12232 ,    -394 ,     344 ,     -69
---
  14184 ,   -2192 ,   -8868 ,   -1622 ,     -78 ,    -865
  14744 ,   -1732 ,   -9544 ,   -4762 ,     490 ,    4081
  13536 ,   -3676 ,  -11056 ,   -9339 ,    -377 ,    9623
  12644 ,   -3104 ,  -11952 ,  -23251 ,    3508 ,   17740
  12588 ,   -1972 ,  -12732 ,  -10929 ,    2407 ,    5859
  12344 ,   -1480 ,  -12956 ,   -4285 ,     794 ,    2271
  13144 ,   -1492 ,  -11504 ,   -2356 ,     338 ,    1026
  12444 ,   -1200 ,  -12204 ,    -286 ,     279 ,    -303
  12852 ,   -1044 ,  -12272 ,    -877 ,       1 ,     456
  12656 ,   -1188 ,  -11984 ,   -1239 ,    -214 ,     676
---  16304 ,   -1992 ,  -10816 ,    -979 ,   -1444 ,    2505
  15312 ,     268 ,   -8984 ,   -2894 ,    -745 ,    2321
  15020 ,    -484 ,   -9424 ,   -6665 ,    -423 ,    5607
  14372 ,   -1680 ,  -10208 ,  -13560 ,   -2373 ,   12811
  13412 ,   -3220 ,  -11124 ,  -21767 ,   -1208 ,   18277
  12772 ,   -2452 ,  -12440 ,  -13755 ,    -617 ,    8717
  11972 ,   -1420 ,  -12876 ,   -3735 ,     599 ,    1892
  12436 ,   -1372 ,  -12440 ,    -839 ,     593 ,       1
  12924 ,   -1376 ,  -11900 ,   -1781 ,     742 ,     855
  12660 ,   -1264 ,  -12236 ,    -566 ,     426 ,      34
---
  13032 ,    -968 ,  -11908 ,    -505 ,    1075 ,     114
  13436 ,   -1060 ,  -11488 ,   -1777 ,     -39 ,     939
  14540 ,   20484 ,  -20532 ,   32767 ,   23809 ,  -32768
  15772 ,    1616 ,  -10520 ,   -4421 ,   -2225 ,    4814
  15628 ,    2008 ,   -8464 ,   -5587 ,    -495 ,    4881
  13216 ,   -1396 ,  -10684 ,  -15690 ,    -649 ,   15661
  14160 ,   -3272 ,   -9800 ,  -12998 ,    -165 ,   11612
  10932 ,   -2876 ,  -13040 ,   -9815 ,    3283 ,    3535
  13020 ,   -1640 ,  -12248 ,   -6434 ,     894 ,    3008
  12996 ,   -1392 ,  -11412 ,   -1178 ,      97 ,     229
---
  12416 ,   -1236 ,  -12600 ,    -250 ,    -142 ,    -154
  12572 ,   -1356 ,  -12264 ,    -377 ,     172 ,     -52
   8048 ,   15788 ,  -28612 ,   32767 ,   -1877 ,  -32768
  15348 ,   -1248 ,   -8480 ,    -419 ,   -1126 ,    3174
  14496 ,   -1240 ,   -9208 ,   -5634 ,    -155 ,    4091
  11808 ,   -5732 ,  -12036 ,  -28106 ,    2421 ,   22449
  13344 ,   -3724 ,  -11580 ,  -13314 ,     895 ,    9504
  11128 ,   -1264 ,  -14384 ,  -11310 ,    -622 ,    6057
  12468 ,   -1268 ,  -12400 ,   -1056 ,    2336 ,     601
  12408 ,   -1232 ,  -12632 ,    -875 ,     -26 ,     175
---
  13088 ,    -880 ,  -12032 ,    -788 ,     175 ,     144
  11968 ,      48 ,  -13540 ,    2893 ,    2335 ,   -2801
  13148 ,   -2312 ,   -6820 ,    8453 ,   -8968 ,  -14523
  14300 ,   -1668 ,   -9588 ,   -2303 ,    -141 ,     191
  13912 ,   -1688 ,   -9608 ,  -12651 ,    1094 ,   11764
  13440 ,   -3712 ,  -11108 ,  -12531 ,    2339 ,   10492
  11456 ,   -2804 ,  -12900 ,  -10665 ,     -31 ,    8632
  11600 ,   -1676 ,  -13352 ,   -9778 ,    -323 ,    5387
  11916 ,   -1484 ,  -13296 ,   -1764 ,     901 ,     926
  12092 ,   -1320 ,  -12684 ,    -696 ,     -21 ,      -5
---
  13408 ,    1560 ,   -6508 ,    8169 ,   -4092 ,   -9747
  14800 ,    -608 ,   -8504 ,   -1867 ,     -81 ,   -1219
  14148 ,   -1620 ,   -8544 ,  -20918 ,    -325 ,   19372
  13908 ,   -4236 ,   -9900 ,  -15407 ,    -372 ,   13258
  11368 ,   -2228 ,  -14172 ,  -16893 ,    1543 ,   10810
  11548 ,   -2340 ,  -13084 ,   -2722 ,     477 ,    1026
  11348 ,   -1988 ,  -13296 ,   -1748 ,    -902 ,    1367
  11368 ,   -2016 ,  -13608 ,     255 ,      29 ,    -362
  11516 ,   -2332 ,  -13104 ,   -1695 ,    1327 ,     905
  11872 ,   -2252 ,  -12340 ,   -1512 ,    1285 ,    1047
---
  13896 ,   -1920 ,   -3068 ,  -17451 ,    9190 ,  -18388
  14988 ,   -3284 ,   -7516 ,  -11509 ,    2155 ,   10169
  14628 ,   -5020 ,   -8892 ,   -9588 ,    -932 ,    6836
  13752 ,   -6192 ,   -9244 ,  -23380 ,   -5215 ,   17967
  11220 ,   -3284 ,  -13104 ,  -16196 ,    1933 ,    8185
  10936 ,   -2192 ,  -13864 ,    -953 ,    1222 ,     -13
  11964 ,   -2336 ,  -12604 ,    -774 ,    1220 ,    -175
  12260 ,   -1984 ,  -12516 ,    -335 ,      10 ,     -67
  12512 ,   -2200 ,  -12196 ,    -535 ,     727 ,      61
  12288 ,   -2108 ,  -12556 ,   -1236 ,    -127 ,     477
---
  14120 ,   -4380 ,  -11828 ,   -8595 ,     778 ,    5003
  14228 ,   -2660 ,   -9764 ,  -12580 ,    -383 ,   10508
  13332 ,   -2912 ,  -10696 ,  -18439 ,    1035 ,   13478
  11836 ,   -1836 ,  -13084 ,   -7090 ,    1291 ,    3625
  12388 ,   -1580 ,  -12268 ,    -597 ,     349 ,      91
  12420 ,   -1400 ,  -13356 ,     -26 ,     621 ,    -329
  13392 ,   -1176 ,  -12292 ,    -740 ,     937 ,     643
  12300 ,   -1960 ,  -11780 ,    -311 ,     865 ,     772
  13200 ,   -1456 ,  -13496 ,   -4688 ,    1069 ,    3044
  12636 ,    -696 ,  -14196 ,    3401 ,    3308 ,   -2587
---
  14592 ,   -2484 ,  -10128 ,   -2905 ,    2530 ,    1027
  14156 ,   -2584 ,  -10520 ,    -300 ,      22 ,      51
  14324 ,   -2284 ,  -10136 ,    -758 ,    -229 ,     212
  14060 ,   -2664 ,   -9920 ,    -519 ,     221 ,      96
  12744 ,    -564 ,  -13740 ,   12737 ,    -716 ,   -7797
  13952 ,     -28 ,   -4640 ,    8105 ,   -7573 ,  -13831
  15544 ,    -660 ,   -7480 ,   -4597 ,   -1252 ,    1831
  14644 ,   -2196 ,   -9184 ,  -14897 ,    -680 ,   11188
  13284 ,   -4032 ,  -10200 ,  -20291 ,    -312 ,   17234
  12788 ,   -2768 ,  -11352 ,  -14622 ,    2542 ,    8394
---
  12316 ,   -2048 ,  -12180 ,    1443 ,    1097 ,   -1056
  17772 ,    1464 ,   -5132 ,   32767 ,  -20009 ,  -21920
  14820 ,    -308 ,   -9484 ,   -5618 ,   -1072 ,    5392
  15528 ,      92 ,   -7936 ,  -11061 ,     498 ,   11202
  12844 ,   -3912 ,  -11312 ,  -13131 ,    1260 ,   11265
  12200 ,   -2508 ,  -12168 ,  -18036 ,    -792 ,   13174
  11952 ,   -2080 ,  -13408 ,   -5807 ,     857 ,    3816
  11912 ,   -1576 ,  -13344 ,   -2692 ,     114 ,    2119
  12288 ,   -1600 ,  -12804 ,    -320 ,     774 ,     -93
  12604 ,   -1892 ,  -12228 ,     311 ,     293 ,    -666
---
  18860 ,    -420 ,   -1500 ,   19427 ,    9893 ,  -16614
  15336 ,   -1192 ,   -8264 ,   -4252 ,    -112 ,    3716
  15660 ,   -3704 ,   -7432 ,  -22710 ,    1921 ,   21571
  12604 ,   -2920 ,  -12768 ,  -19432 ,    -412 ,   11658
  11416 ,   -1940 ,  -13660 ,   -4163 ,    -657 ,    2507
  12384 ,   -1748 ,  -12420 ,    -741 ,    -279 ,     194
  12716 ,   -1528 ,  -12428 ,    -329 ,     871 ,    -110
  12604 ,   -1916 ,  -12284 ,    -168 ,     777 ,     -39
  12536 ,   -1648 ,  -12272 ,    -652 ,     -63 ,     260
   8872 ,    1684 ,  -16720 ,   27771 ,    7757 ,  -20292
---
  12716 ,   -1860 ,  -12212 ,   -2905 ,     736 ,    1504
  12936 ,   -1916 ,  -11916 ,    -422 ,     353 ,     -87
  13092 ,   -1880 ,  -11812 ,    -795 ,     103 ,     295
  12612 ,   -1796 ,  -12240 ,      83 ,     251 ,    -398
  12624 ,   -1676 ,  -12128 ,    -756 ,     128 ,     355
  12684 ,   -1716 ,  -12244 ,    -661 ,     774 ,     377
  12416 ,   -1868 ,  -11920 ,    -730 ,     109 ,     272
  18024 ,   -2540 ,    4148 ,   32767 ,  -26593 ,   -5825
  15388 ,   -3724 ,   -8544 ,   -5627 ,     280 ,    2562
  14980 ,   -2420 ,   -8948 ,   -2421 ,    -253 ,    1390
---
  12564 ,   -1848 ,  -12764 ,    -516 ,     547 ,     430
  12536 ,   -1844 ,  -12424 ,    -632 ,     418 ,     181
  12220 ,   -1732 ,  -12532 ,    -641 ,     497 ,     455
  12012 ,    -696 ,  -14972 ,    9071 ,     703 ,   -5555
  15948 ,    3584 ,   -3336 ,    4295 ,   -2701 ,   -9563
  15188 ,   -1088 ,   -7624 ,   -4418 ,     -40 ,    1996
  15556 ,   -2604 ,   -8316 ,  -17439 ,   -1204 ,   15276
  13464 ,   -3376 ,  -10192 ,  -24426 ,    2396 ,   16242
  12516 ,   -3128 ,  -11500 ,  -11240 ,     113 ,    6171
  12864 ,   -2508 ,  -12324 ,   -3586 ,    1058 ,     947
---
  13348 ,   -2204 ,   -3624 ,    6461 ,   -2910 ,  -10616
  15232 ,   -1288 ,   -7228 ,   -5347 ,    -441 ,      89
  14964 ,   -2728 ,   -9084 ,  -12020 ,   -2089 ,    9428
  12984 ,   -4724 ,  -11600 ,  -15183 ,    -998 ,   14211
  12532 ,   -2728 ,  -12184 ,  -17242 ,    1938 ,    9844
  12188 ,   -2176 ,  -12768 ,   -3326 ,     902 ,    1697
  12452 ,   -2292 ,  -12424 ,    -911 ,     715 ,     371
  12720 ,   -2060 ,  -12304 ,   -2099 ,    -256 ,    1312
  12388 ,   -1980 ,  -12412 ,   -1191 ,      24 ,     542
  12720 ,   -2244 ,  -12152 ,   -1530 ,    1152 ,    1420
---
  11308 ,   -2240 ,  -13240 ,  -20324 ,    6305 ,   14076
  13316 ,   -2376 ,  -11320 ,   -6658 ,     235 ,    3612
  13332 ,   -2244 ,  -11500 ,   -3246 ,    -560 ,    1795
  12700 ,   -2220 ,  -12056 ,   -2757 ,    -544 ,    1652
  12804 ,   -2188 ,  -12176 ,    -636 ,     -40 ,     -58
  12912 ,   -2172 ,  -11668 ,   -1345 ,    1173 ,     816
  13276 ,   -2152 ,  -11284 ,    -930 ,    -980 ,     133
  14452 ,   -1724 ,  -11688 ,  -10389 ,     976 ,    8120
  13416 ,   -2220 ,  -10652 ,   -3500 ,    1751 ,    2562
  31280 ,   -4980 ,    8100 ,   32767 ,   17224 ,  -22094
---
  12884 ,   -2084 ,  -11800 ,   -4550 ,    -180 ,    2996
  12184 ,   -1884 ,  -12400 ,     -98 ,    1153 ,    -766
  12480 ,   -1888 ,  -11888 ,   -1427 ,    1101 ,     575
  12872 ,   -1596 ,  -12144 ,    -486 ,     400 ,      14
  12964 ,   -1980 ,  -11460 ,   -2090 ,    1149 ,    1139
  12744 ,   -1384 ,  -12076 ,    -874 ,     355 ,     930
  24232 ,   -1332 ,   -2456 ,   32767 ,  -18940 ,  -32768
  15308 ,   -4680 ,   -9380 ,   -2420 ,     813 ,     757
  15396 ,   -2160 ,   -8132 ,   -9654 ,     882 ,    6780
  13300 ,   -4096 ,  -10612 ,   -9906 ,    2126 ,    4784
---
  13164 ,   -2008 ,  -11632 ,    -888 ,     552 ,      -1
  13196 ,   -1972 ,  -11496 ,    -461 ,     122 ,      48
  13012 ,   -2064 ,  -11172 ,   -4268 ,     595 ,    2758
  29516 ,    -944 ,    7004 ,   32767 ,   -9763 ,  -32768
  16100 ,   -3160 ,   -9692 ,    -870 ,    -193 ,    3411
  13412 ,   -1168 ,   -9132 ,  -11328 ,   -1198 ,   11492
  13240 ,   -4084 ,  -11980 ,  -15854 ,   -1655 ,   15038
  12000 ,   -3520 ,  -12512 ,  -23022 ,    5840 ,   13768
  12264 ,   -2104 ,  -12648 ,   -7622 ,    2105 ,    5204
  12756 ,   -2052 ,  -11876 ,     -94 ,    1405 ,    -265
---
  13376 ,   -2096 ,  -10668 ,     940 ,    1383 ,    -162
  13488 ,   -2044 ,  -11048 ,    -844 ,     433 ,      65
  12412 ,     636 ,     704 ,    6522 ,    3640 ,  -13354
  15248 ,   -2760 ,   -8432 ,   -2863 ,    -961 ,     469
  14440 ,   -2824 ,   -9392 ,   -8731 ,    -880 ,    7885
  14464 ,   -4532 ,   -9232 ,  -21546 ,    1378 ,   16200
  13368 ,   -3632 ,  -11400 ,  -13278 ,    3776 ,    6885
  12856 ,   -2348 ,  -12212 ,   -8403 ,    1310 ,    4538
  12996 ,   -2092 ,  -11756 ,   -1604 ,     425 ,     417
  13264 ,   -2048 ,  -11644 ,    -120 ,     242 ,    -298
---
  13292 ,   -1972 ,  -11316 ,    1865 ,    1057 ,    -804
  13484 ,   -2012 ,  -11548 ,   -1539 ,     420 ,     683
  17604 ,    6352 ,    2636 ,   25992 ,    1340 ,  -12919
  14596 ,   -3720 ,   -8412 ,   -1134 ,    -399 ,     230
  14240 ,   -4368 ,  -10264 ,  -25375 ,     712 ,   25592
  13452 ,   -3424 ,  -11128 ,  -20031 ,    2291 ,   13989
  12436 ,   -2784 ,  -11864 ,   -8496 ,    1533 ,    4409
  13076 ,   -2160 ,  -11700 ,   -3260 ,     780 ,    1408
  13624 ,   -2036 ,  -11248 ,   -1194 ,     324 ,     520
  13424 ,   -2052 ,  -11340 ,    -377 ,      -6 ,    -219
---
  12676 ,   -1128 ,  -12832 ,  -12740 ,    -829 ,    9632
  12084 ,    4464 ,    6376 ,   28103 ,   -1566 ,  -19970
  14504 ,   -4436 ,   -7924 ,   -5136 ,      57 ,    1861
  13552 ,   -3848 ,   -9988 ,  -23366 ,   -1487 ,   15616
  13164 ,   -4156 ,  -12000 ,  -18974 ,    4377 ,   11798
  11868 ,   -3328 ,  -12340 ,  -10177 ,    4183 ,    7638
  12716 ,   -2344 ,  -11808 ,   -7705 ,     326 ,    3583
  13640 ,   -2148 ,  -10916 ,    -577 ,    1915 ,     -25
  13320 ,   -2096 ,  -11228 ,   -1233 ,    -117 ,     200
  13132 ,   -1940 ,  -11420 ,    -175 ,     437 ,    -178
---
  13944 ,   -1520 ,  -10584 ,   -8542 ,    -206 ,    6809
  19096 ,   17680 ,   -1684 ,   32767 ,   -2749 ,  -32768
  14948 ,   -5552 ,   -9472 ,    -235 ,     620 ,    5077
  15304 ,   -3700 ,   -9040 ,  -23903 ,    1910 ,   19101
  11148 ,   -4176 ,  -12992 ,  -18680 ,    -966 ,   14202
  11460 ,   -2552 ,  -13140 ,  -13104 ,    4080 ,    7860
  12624 ,   -2288 ,  -11780 ,   -2518 ,    3444 ,     336
  12964 ,   -1888 ,  -12044 ,   -1952 ,     639 ,     747
  12504 ,   -1836 ,  -11856 ,    -136 ,     434 ,    -376
  12680 ,   -1816 ,  -12288 ,    -472 ,      -6 ,     -33
---
  11040 ,   -1292 ,  -14320 ,    5461 ,    -660 ,   -3878
  12836 ,    5804 ,    3960 ,   17918 ,    2607 ,  -32768
  15788 ,   -3444 ,   -6932 ,   -1825 ,     481 ,    3358
  13048 ,   -5956 ,   -9540 ,  -31185 ,    -859 ,   19386
  14012 ,   -5256 ,   -9476 ,  -23159 ,    5822 ,   13562
  12752 ,   -3180 ,  -11332 ,  -13655 ,    4414 ,    8111
  12968 ,   -2444 ,  -12624 ,   -5686 ,     774 ,    3390
  13320 ,   -2100 ,  -11564 ,   -2355 ,     420 ,    1138
  13068 ,   -2088 ,  -11784 ,   -1161 ,     454 ,     167
  12744 ,   -2152 ,  -12020 ,    -221 ,      33 ,    -135
---
  12960 ,   -1660 ,  -12000 ,    -609 ,     349 ,      72
  12728 ,   -1848 ,  -11688 ,   -1225 ,     595 ,    1101
  24992 ,   -2104 ,   -1692 ,   32767 ,   -6446 ,  -32768
  16028 ,   -3996 ,   -9644 ,    1201 ,     -32 ,    -701
  15524 ,   -1720 ,   -8144 ,  -13744 ,     497 ,   12428
  12956 ,   -3652 ,  -10472 ,  -13767 ,     990 ,    9697
  11820 ,   -2260 ,  -12196 ,  -21586 ,    2341 ,   13193
  13100 ,   -2092 ,  -12160 ,   -2657 ,    2239 ,     805
  13260 ,   -1788 ,  -12044 ,   -1613 ,     812 ,     315
  13300 ,   -1816 ,  -11256 ,    -231 ,     943 ,     -33
---
  13748 ,   -1620 ,  -11084 ,   -1726 ,    -329 ,     822
  13740 ,   -1824 ,  -11228 ,    -992 ,     643 ,     447
  17384 ,    7560 ,   -8952 ,   32767 ,   15473 ,  -32768
  16504 ,   -1940 ,  -10240 ,   -2055 ,     111 ,    2833
  15260 ,   -1320 ,   -9656 ,   -7168 ,    -552 ,    5941
  14684 ,   -1548 ,   -9556 ,  -15331 ,    -470 ,   12640
  12868 ,   -3088 ,  -11168 ,  -19336 ,    3282 ,   14560
  12292 ,   -2156 ,  -12480 ,   -9364 ,    1778 ,    5690
  12880 ,   -1720 ,  -12152 ,   -4816 ,    1154 ,    2565
  13392 ,   -1680 ,  -11696 ,   -1482 ,     812 ,     486
---
  12888 ,   -1800 ,  -11392 ,   -3206 ,    1102 ,    1924
  13164 ,   10340 ,  -20644 ,   32767 ,   -1516 ,  -32768
  16328 ,   -4260 ,   -9248 ,    1440 ,   -3031 ,   -4620
  14256 ,   -3364 ,   -8256 ,  -19886 ,    2949 ,   12186
  12448 ,   -3628 ,  -11444 ,  -15169 ,    3069 ,    8757
  11936 ,   -3080 ,  -12544 ,  -19708 ,     184 ,   14012
  12552 ,   -2088 ,  -12048 ,   -6206 ,    1719 ,    3489
  13064 ,   -1764 ,  -11692 ,   -2144 ,    1957 ,    1175
  13040 ,   -1648 ,  -12000 ,   -1449 ,    -165 ,     531
  13148 ,   -1576 ,  -11996 ,    -859 ,     -63 ,     136
---  
  13284 ,   -1256 ,  -12028 ,    2942 ,    1350 ,   -2490
  13592 ,   -5380 ,   -2452 ,   -3956 ,   -3319 ,  -12763
  14604 ,   -1504 ,   -9492 ,   -3262 ,   -1453 ,    -267
  13788 ,   -2048 ,   -9880 ,  -13647 ,     952 ,   12818
  13856 ,   -3508 ,  -10032 ,  -14167 ,   -1641 ,   11022
  12048 ,   -3280 ,  -12672 ,  -13591 ,    1138 ,    9462
  12000 ,   -1948 ,  -13172 ,   -7195 ,    1845 ,    3800
  12296 ,   -1820 ,  -12308 ,   -2129 ,    1236 ,     936
  12424 ,   -1660 ,  -12580 ,   -2046 ,     219 ,    1031
  12720 ,   -1612 ,  -11856 ,     -22 ,     228 ,    -280
---  
  13136 ,   -1344 ,  -11564 ,    -565 ,     137 ,      25
  12812 ,   -1296 ,  -11512 ,    1487 ,      89 ,   -2593
   9016 ,    9004 ,  -20028 ,   32767 ,    4567 ,  -32768
  15084 ,    -524 ,  -10796 ,    -413 ,   -1181 ,    2522
  15064 ,   -1152 ,   -9008 ,   -6537 ,     262 ,    5875
  14348 ,   -3280 ,  -11412 ,  -12577 ,   -2655 ,   10601
  12596 ,   -3240 ,  -11596 ,  -17996 ,     598 ,   13216
  12196 ,   -2164 ,  -12284 ,  -10624 ,    2125 ,    5922
  12736 ,   -2020 ,  -11500 ,   -1812 ,    2112 ,     552
  12920 ,   -2088 ,  -11572 ,    -743 ,    1076 ,      57
---  
  13184 ,   -1636 ,  -11412 ,   -1096 ,      33 ,     501
  13260 ,   -1564 ,  -11976 ,    -925 ,     579 ,     625
  10624 ,    1596 ,  -15000 ,   19523 ,     502 ,  -14014
  15928 ,    1684 ,   -7504 ,    8278 ,   -3248 ,   -7639
  14736 ,   -1304 ,   -8924 ,   -3544 ,    -828 ,    1315
  13952 ,   -2128 ,   -9400 ,  -18741 ,    1003 ,   13558
  13108 ,   -3016 ,  -11536 ,  -16645 ,    2763 ,   11374
  12664 ,   -2544 ,  -11908 ,  -18057 ,    1044 ,   11713
  12660 ,   -2000 ,  -12556 ,   -3908 ,    1436 ,    2102
  12792 ,   -2200 ,  -11412 ,    -612 ,     827 ,      79
