   1304 ,  -16072 ,    3408 ,   -1799 ,     510 ,    -338
    676 ,  -12704 ,    -968 ,   29856 ,    -668 ,   -6807
   6460 ,   15940 ,   10196 ,   13118 ,   -4805 ,   10316
   7960 ,   13592 ,    5248 ,     911 ,     547 ,    -362
   6956 ,   13188 ,    6908 ,   -1917 ,     179 ,     522
   7152 ,   12780 ,    7432 ,   -2808 ,    -564 ,     172
   9064 ,   10476 ,   11340 ,  -23043 ,    4170 ,    8655
   7752 ,    -464 ,   13148 ,  -20698 ,    7610 ,    7086
   6628 ,   -7344 ,   13360 ,  -15688 ,    3586 ,    3652
   3092 ,  -12212 ,   10104 ,  -19642 ,    -142 ,    8149
---
  -4388 ,   -7076 ,   -6916 ,   32767 ,    -930 ,  -17009
   5164 ,   18532 ,   13592 ,    6170 ,    -183 ,    4416
   7120 ,   14868 ,    5796 ,    1893 ,     159 ,    -550
   6728 ,   14464 ,    5748 ,   -1372 ,     112 ,     -88
   8072 ,   12012 ,   10936 ,  -22065 ,    1245 ,    6576
   4320 ,   -3936 ,   14120 ,  -32768 ,    9231 ,    8515
   1988 ,  -14964 ,    8868 ,  -15187 ,   -2999 ,    4225
     16 ,  -15972 ,    3652 ,   -4981 ,    1813 ,    1237
    608 ,  -16572 ,    3584 ,     132 ,    -763 ,     120
    648 ,  -16104 ,    2376 ,    -100 ,    -467 ,    -143
---
    924 ,  -16568 ,    2552 ,   -1496 ,      96 ,      64
    688 ,  -16404 ,    2352 ,    1665 ,   -1484 ,    -314
  22300 ,   30636 ,   23944 ,   32767 ,    8929 ,  -14477
   8384 ,   11636 ,    5392 ,   -3386 ,    -418 ,    -911
   7956 ,   12640 ,    7796 ,   -2321 ,    -388 ,    1505
   7840 ,    5508 ,   14344 ,  -32768 ,    8873 ,    9245
   4856 ,   -7288 ,   12680 ,  -29237 ,    6157 ,    6078
   1084 ,  -14660 ,    5656 ,  -12406 ,   -2306 ,    2306
    176 ,  -15716 ,    3820 ,    -178 ,     279 ,     -42
    452 ,  -15616 ,    2748 ,     -32 ,     546 ,     -26
---
    640 ,  -16124 ,    2296 ,    -500 ,     282 ,     706
    152 ,  -16212 ,     988 ,       5 ,     295 ,     154
   2496 ,   13412 ,     324 ,   25942 ,   10729 ,  -20522
   6968 ,   13736 ,    6456 ,   -5680 ,    1743 ,    1347
   8816 ,   12036 ,   10980 ,  -22840 ,    4005 ,    5048
   6028 ,   -1052 ,   13532 ,  -32768 ,   13233 ,    5534
   1376 ,  -14084 ,    5696 ,  -14406 ,    2906 ,    1846
   1260 ,  -15788 ,    4220 ,   -3179 ,    -452 ,    1413
   1404 ,  -15848 ,    4836 ,   -1833 ,    -547 ,    -145
    792 ,  -15816 ,    3776 ,     271 ,     -34 ,    -569
---
  19548 ,   31228 ,   22748 ,   32767 ,    2959 ,   -9349
   8712 ,   12088 ,    2072 ,   -2155 ,    -797 ,   -1608
   9260 ,   13316 ,    7764 ,  -15435 ,    2582 ,    3267
   8224 ,    8116 ,   12804 ,  -24929 ,    4885 ,    3898
   4076 ,   -8668 ,   11608 ,  -30478 ,    4913 ,    7851
   1052 ,  -14660 ,    4900 ,   -8188 ,   -2563 ,    2007
   1348 ,  -15860 ,    3824 ,     858 ,    -432 ,     -15
    968 ,  -15868 ,    3424 ,     990 ,    -109 ,    -217
   1232 ,  -15820 ,    3944 ,       1 ,      54 ,     -24
   1828 ,  -15816 ,    4692 ,   -1002 ,     575 ,     185
---
   9428 ,   11508 ,    4624 ,   -2188 ,    -198 ,   -1328
   9164 ,   12644 ,    7328 ,   -5708 ,     719 ,    2258
   9120 ,    5148 ,   15740 ,  -32768 ,   13607 ,    9002
   4204 ,  -11628 ,    9196 ,  -25312 ,    4958 ,    7886
    456 ,  -15136 ,    3536 ,   -6530 ,    -603 ,    1083
    708 ,  -16260 ,    2436 ,    -335 ,    -547 ,     718
   -740 ,  -15860 ,    2912 ,    1783 ,   -1159 ,   -1198
    548 ,  -16068 ,    3660 ,    -693 ,     445 ,      -4
   1260 ,  -16336 ,    3660 ,    -574 ,     -69 ,    -239
   1260 ,  -16108 ,    3444 ,    -799 ,     666 ,     267
---
   7944 ,   13348 ,    1300 ,   -5587 ,    -518 ,   -1885
   8512 ,   13204 ,    8088 ,  -31310 ,    6693 ,    6740
   7052 ,      96 ,   13340 ,  -32768 ,   10991 ,    6212
   3128 ,  -11788 ,    9348 ,  -20626 ,    1938 ,    3936
   1168 ,  -14824 ,    4488 ,   -4686 ,    -811 ,     526
   2336 ,  -15864 ,    5140 ,   -2231 ,    -991 ,     637
   2412 ,  -15296 ,    5380 ,      69 ,      84 ,     262
   2224 ,  -15492 ,    5524 ,    -337 ,     137 ,     365
   2048 ,  -15348 ,    5136 ,   -1973 ,     265 ,     409
   2000 ,  -15588 ,    5424 ,    -395 ,    -159 ,     -61
---
   7408 ,   13032 ,    -104 ,   -5294 ,    -565 ,   -1995
   7220 ,   13804 ,    5384 ,  -21816 ,    5396 ,    4237
   7516 ,    4112 ,   14496 ,  -32768 ,    6182 ,    6535
   4112 ,   -9460 ,    9232 ,  -27248 ,   11035 ,    8024
    -36 ,  -14988 ,    5764 ,   -9994 ,     335 ,    1086
    440 ,  -15788 ,    3972 ,    -878 ,     675 ,     276
    972 ,  -15908 ,    4236 ,    -748 ,     -47 ,     220
   1148 ,  -16012 ,    4792 ,    -597 ,     -77 ,     147
   1200 ,  -16096 ,    4856 ,    -967 ,      89 ,     377
    984 ,  -16108 ,    4868 ,   -1056 ,      94 ,     205
---
   6392 ,   15528 ,    4900 ,   -4843 ,     308 ,    -206
   7760 ,   13192 ,    3848 ,   -3247 ,    -489 ,    1269
   8576 ,   12712 ,    9004 ,  -23058 ,    3908 ,    6040
   8080 ,   -1844 ,   15172 ,  -32768 ,   14397 ,    5155
   1824 ,  -14148 ,    7684 ,  -18856 ,    3200 ,    7587
    944 ,  -15968 ,    3912 ,   -5121 ,    -845 ,    -630
   1284 ,  -16240 ,    4060 ,   -1867 ,     135 ,     161
   1364 ,  -16044 ,    3604 ,      41 ,    -393 ,     584
   1448 ,  -16116 ,    4576 ,     298 ,    -115 ,      11
   1340 ,  -15900 ,    4352 ,    -166 ,    -277 ,     -16
---
   6952 ,   14148 ,    4788 ,   -1146 ,    -406 ,    2287
   7584 ,   12884 ,    6028 ,   -5293 ,    1036 ,    1942
   8140 ,    5556 ,   13368 ,  -32768 ,    6637 ,    8719
   3192 ,   -9336 ,   11776 ,  -32768 ,    2208 ,    9441
    228 ,  -15160 ,    4992 ,  -14479 ,   -2097 ,    3119
   -400 ,  -16276 ,    2712 ,   -1277 ,    -729 ,     140
   -792 ,  -15920 ,     496 ,    2755 ,   -1231 ,    -806
    -76 ,  -16388 ,    1068 ,     175 ,     608 ,     600
   -212 ,  -16544 ,    2076 ,     629 ,     -93 ,    -337
   -200 ,  -16296 ,    2284 ,     332 ,    -431 ,    -381
---
    180 ,  -16392 ,    2520 ,    -296 ,     290 ,     -63
    284 ,  -16548 ,    2176 ,    -359 ,      32 ,    -183
    364 ,  -16184 ,    2524 ,     387 ,     309 ,    -438
   3984 ,  -14084 ,    9704 ,   14181 ,   -2809 ,   -8241
   9448 ,   14940 ,    6372 ,   32767 ,   -2525 ,  -12826
   8824 ,   13824 ,    1988 ,   -3184 ,    -547 ,   -2090
   8124 ,   14352 ,    4772 ,  -18856 ,    4915 ,    3658
   7304 ,    2028 ,   13116 ,  -32768 ,   21160 ,    8294
   1264 ,  -13468 ,    9708 ,  -16775 ,     742 ,    5102
    812 ,  -15296 ,    4404 ,   -5635 ,     138 ,    1328
---
    656 ,  -15780 ,    4556 ,    -849 ,     358 ,    -540
    932 ,  -15960 ,    3796 ,   -2080 ,    -524 ,    -539
    476 ,  -15880 ,    3500 ,   -1738 ,     214 ,    -645
   8956 ,   18496 ,    8392 ,   32767 ,  -32768 ,  -32768
   4468 ,   16280 ,    3540 ,   -5737 ,    -516 ,     212
   7824 ,   13688 ,    4776 ,  -15483 ,    3864 ,    4961
   8204 ,    4060 ,   13644 ,  -32768 ,   10136 ,    3591
   4652 ,   -9736 ,    9892 ,  -23900 ,    3371 ,    5114
   2800 ,  -14476 ,    6156 ,   -7710 ,    -145 ,    5082
   1884 ,  -15388 ,    5552 ,    -781 ,   -1169 ,      90
---
   1092 ,  -15644 ,    4908 ,   -2548 ,    2622 ,     874
    324 ,  -15860 ,    2728 ,   -4144 ,    1699 ,     -78
   1040 ,   -9928 ,   -1560 ,   32767 ,   -5073 ,  -12789
   4012 ,   19484 ,   11624 ,    3532 ,   -2332 ,    6309
   6984 ,   13740 ,    4808 ,   -2219 ,    1056 ,    -454
   7756 ,   12512 ,    8748 ,   -8058 ,    2201 ,    1252
   7392 ,    1440 ,   18296 ,  -32768 ,   12525 ,   13233
   1812 ,  -13872 ,    7064 ,  -15305 ,    1141 ,    3785
   -344 ,  -16300 ,    3264 ,   -5959 ,   -2135 ,    2067
   -704 ,  -16132 ,    2496 ,   -1386 ,     711 ,    1065
---
   6012 ,   16376 ,    4960 ,    -472 ,    1703 ,    5111
   8332 ,   13964 ,    3044 ,    -704 ,     242 ,     170
   8824 ,   13648 ,    7336 ,  -17773 ,    4634 ,    3440
   8128 ,    6468 ,   13660 ,  -32768 ,   10689 ,    7254
   2876 ,  -10428 ,   12332 ,  -31052 ,    3968 ,    6507
    464 ,  -15308 ,    4100 ,   -7818 ,    -467 ,    1729
   -604 ,  -16240 ,    2580 ,   -2501 ,   -1243 ,     734
  -1152 ,  -16164 ,    1172 ,     803 ,    -219 ,     202
  -1212 ,  -16388 ,    2108 ,    -436 ,     383 ,     -99
   -852 ,  -16460 ,    2304 ,     -95 ,    -442 ,    -461
---
   9740 ,   26144 ,    6780 ,   11776 ,    6299 ,   11361
   8684 ,   14364 ,      68 ,   -4049 ,     253 ,   -1900
   8216 ,   15052 ,    2500 ,   -6813 ,    1876 ,    1291
   9044 ,   10052 ,   12480 ,  -32768 ,   12304 ,   10537
   3808 ,   -7132 ,   11452 ,  -32768 ,    7907 ,    8950
    472 ,  -15076 ,    6768 ,  -11867 ,    -917 ,    2074
     84 ,  -16160 ,    3616 ,   -6064 ,     211 ,    2074
    -76 ,  -16296 ,    3684 ,   -1495 ,      51 ,    -764
     36 ,  -16492 ,    2560 ,    -662 ,     214 ,     124
    216 ,  -16384 ,    2876 ,   -2241 ,     685 ,     468
---
  11196 ,   14852 ,    1560 ,   32767 ,  -32768 ,  -32768
   4632 ,   13640 ,    1736 ,    -832 ,     394 ,    1600
   8116 ,   14380 ,    1716 ,   -2136 ,     574 ,    1289
   9812 ,   11896 ,    9892 ,  -30415 ,    9943 ,    8583
   6288 ,   -6980 ,   14276 ,  -32768 ,   10339 ,   12152
   1284 ,  -14704 ,    3508 ,  -10945 ,    1873 ,    2745
   -168 ,  -16432 ,    1728 ,   -1414 ,   -1158 ,     876
    112 ,  -16364 ,    -136 ,   -1355 ,    -142 ,     238
   -116 ,  -16732 ,     448 ,      -8 ,     -10 ,    -404
     88 ,  -16600 ,     888 ,     107 ,     489 ,      79
---
   1476 ,  -16032 ,    3128 ,    4688 ,    1434 ,    -386
   8336 ,   14688 ,    5772 ,   32767 ,   -2187 ,   -3814
   6960 ,   14024 ,    2508 ,   -3027 ,     795 ,     176
   8332 ,   14164 ,    3900 ,  -10119 ,    2397 ,    3104
   9632 ,   11152 ,   10452 ,  -20122 ,    5472 ,    6193
   7648 ,    -912 ,   14660 ,  -32768 ,   10830 ,    7233
   3104 ,  -13552 ,    5600 ,  -15659 ,     601 ,    3512
     52 ,  -15652 ,    2636 ,   -1932 ,    -691 ,     571
    276 ,  -16140 ,    3820 ,   -1200 ,    -901 ,    1132
    324 ,  -16104 ,    3196 ,     -95 ,    -191 ,    -368
---
    444 ,  -16472 ,    3660 ,    -945 ,      49 ,      53
  -1852 ,   -2544 ,  -10432 ,   32767 ,  -27450 ,  -32768
   7064 ,   21708 ,    2932 ,    3474 ,    -430 ,   10435
   8420 ,   14808 ,    1820 ,   -4637 ,     635 ,    -200
  10104 ,   11712 ,   10280 ,  -29793 ,   10257 ,    9537
   6812 ,   -4312 ,   12352 ,  -32768 ,    7558 ,   10099
   2844 ,  -12876 ,    8164 ,  -12460 ,    1657 ,    2715
    660 ,  -15484 ,    5188 ,   -9613 ,    1825 ,    4302
   -640 ,  -16156 ,    2216 ,   -3614 ,     327 ,    1380
   -604 ,  -16500 ,    3092 ,    -872 ,    -699 ,    -192
---
   -312 ,  -16352 ,    2668 ,    -108 ,    -262 ,    -488
   8864 ,   15952 ,    4648 ,   32767 ,  -32768 ,  -32768
   5080 ,   11892 ,    3592 ,    -415 ,     948 ,   -1296
  10220 ,   14448 ,    7092 ,  -32768 ,    8042 ,   12602
   7192 ,   -4848 ,   12380 ,  -32768 ,   20579 ,   10146
    944 ,  -14936 ,    2208 ,   -6334 ,    -695 ,    2883
     72 ,  -16208 ,    1192 ,   -1939 ,   -2711 ,    3775
   -380 ,  -16344 ,    1924 ,      83 ,       3 ,     289
    -28 ,  -16540 ,    2872 ,   -1560 ,      20 ,     334
   -236 ,  -16436 ,    2048 ,    -164 ,     446 ,    -168
---
   8992 ,   13348 ,    2816 ,  -14946 ,    2532 ,    6604
   9776 ,    8180 ,   12720 ,  -32768 ,   11586 ,    8149
   3580 ,   -9120 ,   12988 ,  -32768 ,    6406 ,    3149
  -1216 ,  -14340 ,     748 ,  -13708 ,     583 ,    5573
  -2048 ,  -16384 ,     260 ,     533 ,   -2431 ,     327
  -2236 ,  -16240 ,     108 ,    1398 ,   -1754 ,    -693
  -1540 ,  -16532 ,    1480 ,     431 ,    -897 ,     550
  -1124 ,  -16500 ,    1632 ,      85 ,      93 ,     -12
   -924 ,  -16496 ,    1500 ,    -256 ,    -764 ,    -815
  -1116 ,  -16452 ,    1384 ,    -227 ,     287 ,     493
---
  17796 ,   27284 ,    9984 ,   32767 ,    4641 ,    4359
   8824 ,   13532 ,    -256 ,   -4847 ,   -1454 ,   -2787
  10032 ,   13540 ,    6528 ,  -18573 ,    5744 ,    4307
   8708 ,    1096 ,   14112 ,  -32768 ,   13598 ,    8700
   2672 ,  -11968 ,    9248 ,  -23731 ,    5196 ,    7371
    268 ,  -15492 ,    3844 ,   -6150 ,   -3317 ,     630
    736 ,  -15808 ,    3524 ,   -2418 ,     182 ,     447
    748 ,  -16260 ,    3656 ,    -310 ,     -75 ,    -614
    828 ,  -16012 ,    3828 ,    -249 ,    -133 ,      84
    884 ,  -15984 ,    3940 ,     140 ,    -229 ,      62
---
   -540 ,  -15720 ,    2572 ,    2359 ,    1170 ,   -1968
  22172 ,   13376 ,   18848 ,   32767 ,  -20944 ,  -32768
   7532 ,   14352 ,    2092 ,   -6069 ,    -552 ,     705
   8464 ,   13432 ,    3072 ,   -7797 ,    2066 ,     308
   8348 ,    7432 ,   11880 ,  -32768 ,   10493 ,    5730
   5936 ,   -6436 ,   12356 ,  -21336 ,    5473 ,    5562
   2428 ,  -13248 ,    9276 ,  -11734 ,    1685 ,    3290
   1132 ,  -15144 ,    6604 ,   -3716 ,   -1661 ,    1622
   1128 ,  -15400 ,    6160 ,     306 ,    -544 ,     351
   1400 ,  -15296 ,    6128 ,   -1063 ,      78 ,     649
---
  -5864 ,   -8608 ,   -2848 ,   29917 ,   -1442 ,   -4549
   9700 ,   17976 ,    9088 ,   21598 ,    5924 ,    8961
  11120 ,   13924 ,   -1040 ,   -3659 ,   -1875 ,   -1027
   9816 ,   11476 ,    9536 ,  -32768 ,   11598 ,    7231
   6784 ,   -3548 ,   13472 ,  -32768 ,   11463 ,    6735
   1264 ,  -13976 ,    7520 ,  -14710 ,    1810 ,    3543
   2176 ,  -16356 ,    4160 ,   -6863 ,   -4885 ,    4268
    -48 ,  -16160 ,    3284 ,    -700 ,     668 ,     487
   -416 ,  -16056 ,    2548 ,    1561 ,    -240 ,     -16
    252 ,  -16572 ,    3716 ,    -767 ,    -138 ,     515
---
   9708 ,   14100 ,    2560 ,   -5421 ,    1944 ,     185
   9504 ,   12496 ,    7372 ,  -11710 ,    2747 ,    3246
   8104 ,    3040 ,   13788 ,  -32768 ,   11129 ,    6017
   3976 ,  -10008 ,   10740 ,  -20784 ,    5952 ,    5346
   2144 ,  -14840 ,    6324 ,   -8045 ,    -440 ,    5175
   -444 ,  -15688 ,    1556 ,   -2977 ,      78 ,    1177
    596 ,  -16412 ,    4828 ,   -2446 ,    -884 ,     106
    368 ,  -16372 ,    3776 ,    -122 ,    -301 ,    -122
   -124 ,  -16340 ,    3764 ,    -980 ,     739 ,     608
     88 ,  -16280 ,    3664 ,   -1024 ,    -398 ,     358
---
   9588 ,   13280 ,    4480 ,  -11313 ,    3588 ,    4810
   9812 ,    9192 ,   11064 ,  -32768 ,   10209 ,    9400
   6624 ,   -4916 ,   14160 ,  -27828 ,   10345 ,    7042
   2432 ,  -12560 ,    9808 ,  -17782 ,    2707 ,    4542
   1028 ,  -15476 ,    5852 ,   -6705 ,    2383 ,    4186
   -760 ,  -15928 ,    1996 ,   -3784 ,    -848 ,    1226
  -1020 ,  -16364 ,    2032 ,    -625 ,    -581 ,     261
  -1000 ,  -16412 ,    2388 ,     -17 ,    -220 ,     139
   -780 ,  -16352 ,    2160 ,     263 ,     -17 ,    -137
  -1116 ,  -16300 ,    2744 ,      -7 ,     -98 ,     280
---
  -1240 ,  -16100 ,    1684 ,   -2337 ,     925 ,     493
  19548 ,   17192 ,   10888 ,   32767 ,  -17512 ,  -32768
   7908 ,   13348 ,    1764 ,    7026 ,    2843 ,   -1055
  10456 ,   13040 ,    3824 ,  -30785 ,    3380 ,    7560
   8536 ,    7784 ,   12968 ,  -19641 ,    9686 ,    -185
   6156 ,   -3372 ,   15352 ,  -32768 ,   11379 ,    5639
     44 ,  -13180 ,    6088 ,  -16408 ,    3853 ,    4078
   -596 ,  -15672 ,    4000 ,   -3361 ,   -1347 ,    1401
    492 ,  -16040 ,    3916 ,    -143 ,    -987 ,     775
     28 ,  -16076 ,    3956 ,     557 ,   -1552 ,    -771
---
  24308 ,   27796 ,   14016 ,   32767 ,    6185 ,  -32768
   8884 ,   11776 ,    1620 ,   -4876 ,   -2103 ,   -4604
   8904 ,   13412 ,     984 ,   -3875 ,     685 ,    1613
  11376 ,   10712 ,    5920 ,  -14315 ,    4729 ,    6401
  10068 ,    2308 ,   14528 ,  -32768 ,   19662 ,    6068
   3968 ,  -11100 ,    8048 ,  -18845 ,    7278 ,    5497
   -740 ,  -14776 ,    1052 ,   -8951 ,    2437 ,    5711
   -884 ,  -16292 ,    1792 ,    2928 ,    1008 ,     150
   -708 ,  -16176 ,    3516 ,    -644 ,    -930 ,    -265
     48 ,  -16348 ,    3724 ,    -470 ,    -428 ,    -641
---
   7476 ,   17284 ,    3664 ,   10840 ,    4960 ,   12082
  10116 ,   13996 ,    -336 ,   -2210 ,    -662 ,    -574
  10468 ,   13988 ,    3292 ,  -16256 ,    3024 ,    3938
   9852 ,    6420 ,   10752 ,  -32768 ,   14877 ,    5986
   5552 ,   -8148 ,   11092 ,  -23145 ,    6742 ,    5223
   2196 ,  -14860 ,    8588 ,  -14570 ,    2836 ,    5406
   -424 ,  -15356 ,     -64 ,   -1401 ,    -312 ,     148
   -916 ,  -16460 ,    2580 ,   -1055 ,    -521 ,     645
   -632 ,  -16508 ,    2276 ,    -122 ,     -74 ,     153
   -952 ,  -16076 ,    2304 ,     -24 ,      -3 ,    -135
---
  -1544 ,  -15768 ,    1060 ,    1381 ,     339 ,   -1212
  22676 ,   32767 ,   12776 ,   32767 ,    2045 ,  -32768
   8464 ,   14076 ,    2516 ,   -1241 ,   -2577 ,   -3333
   7948 ,   13940 ,    2324 ,   -2579 ,     803 ,     594
   9116 ,   10960 ,   10580 ,  -32768 ,   13036 ,   10903
   6540 ,   -4356 ,   13596 ,  -26559 ,    8798 ,    7833
   2728 ,  -13392 ,    7668 ,  -12986 ,    2196 ,    2715
    924 ,  -15552 ,    5036 ,   -5182 ,    -918 ,    1904
     20 ,  -15964 ,    4536 ,   -2806 ,     343 ,     111
    100 ,  -15928 ,    4372 ,   -1211 ,      18 ,     124
---
  14944 ,   19100 ,   13144 ,   32767 ,  -10735 ,  -32768
   8756 ,   11788 ,    2600 ,    2002 ,     759 ,   -5065
   9056 ,   13388 ,    5420 ,  -20428 ,    4708 ,    7441
   8532 ,    5888 ,   13184 ,  -28878 ,    4860 ,    4818
   6696 ,   -6536 ,   12644 ,  -23521 ,    2307 ,    6702
   3200 ,  -13060 ,    8596 ,  -10375 ,    3834 ,    6023
   1696 ,  -14812 ,    6032 ,   -3824 ,     891 ,    2021
   1488 ,  -15288 ,    5568 ,   -1489 ,     -40 ,     453
    184 ,  -15684 ,    4240 ,   -2568 ,   -1227 ,    1068
    104 ,  -16296 ,    4388 ,     162 ,      78 ,     400
---
   9988 ,   11916 ,    2232 ,   32767 ,   -6060 ,    -223
   9484 ,   13708 ,    -192 ,   -3493 ,   -1104 ,    -520
  10644 ,   14828 ,    3200 ,  -11647 ,    1639 ,    2203
  10380 ,    8604 ,   10216 ,  -26975 ,    7987 ,    6989
   7780 ,   -4848 ,   13720 ,  -32086 ,   12179 ,   10767
   3020 ,  -13136 ,    8816 ,  -17480 ,    6352 ,    5615
     68 ,  -15296 ,    5000 ,   -5774 ,    2112 ,    2335
   -584 ,  -15624 ,    4356 ,    -401 ,    -699 ,     148
   -696 ,  -15800 ,    4840 ,    -459 ,    -471 ,     271
   -564 ,  -15720 ,    4640 ,   -1155 ,    -276 ,      77
---
  17820 ,   24512 ,   16424 ,   32767 ,     788 ,   -9361
   8848 ,   12844 ,    1228 ,     342 ,   -1452 ,   -3447
   8464 ,   14292 ,    2016 ,   -7037 ,     964 ,    2020
   9256 ,    9824 ,    9996 ,  -32768 ,    9709 ,    7639
   8004 ,   -1620 ,   14544 ,  -26866 ,    5207 ,    3829
   4660 ,  -11108 ,    9816 ,  -17250 ,    5932 ,    5927
   1236 ,  -14740 ,    5264 ,   -2931 ,   -3126 ,    2633
    752 ,  -15256 ,    5308 ,     318 ,    -952 ,     422
    860 ,  -15428 ,    5732 ,    -400 ,     -93 ,     541
    808 ,  -15640 ,    4952 ,   -1075 ,       6 ,     299
---
  13592 ,   17212 ,    3948 ,   32767 ,   -5288 ,  -16405
   9540 ,   13968 ,   -1064 ,   -1218 ,   -2335 ,   -1720
   9612 ,   13676 ,    4816 ,  -32768 ,    4866 ,    8580
   9196 ,    5192 ,   11780 ,  -18217 ,    5928 ,     709
   6860 ,   -5700 ,   12832 ,  -28972 ,    9570 ,    6228
   2900 ,  -12584 ,    8112 ,  -12336 ,    3393 ,    3767
    340 ,  -14892 ,    4376 ,   -4175 ,   -2690 ,    3079
    560 ,  -15772 ,    3544 ,   -1203 ,    -981 ,      15
    588 ,  -16088 ,    4180 ,   -1153 ,     -43 ,     860
    392 ,  -15972 ,    3072 ,     718 ,     161 ,     421
---
  21532 ,   24424 ,   16640 ,   32767 ,  -12528 ,   -5103
   9464 ,   13968 ,     168 ,   -5784 ,     349 ,   -2221
   9368 ,   14004 ,    2000 ,   -4687 ,    1243 ,     474
  10184 ,    9856 ,   11620 ,  -32768 ,   10530 ,    7379
   6884 ,   -4004 ,   14864 ,  -31984 ,    9387 ,    4639
   2236 ,  -12468 ,    9008 ,  -11166 ,    2451 ,    6233
    172 ,  -14968 ,    6504 ,   -2817 ,   -1213 ,    1339
    264 ,  -15356 ,    6120 ,   -1894 ,    -854 ,     615
    160 ,  -15572 ,    5676 ,    -574 ,    -453 ,      10
   -228 ,  -15532 ,    4868 ,    -152 ,     310 ,    -175
---
   7564 ,   16380 ,    4648 ,    3655 ,    -366 ,   -4879
   8668 ,   14092 ,     352 ,    -140 ,     250 ,     114
  10776 ,   14268 ,    3572 ,   -9855 ,    4219 ,    5105
  12136 ,    4896 ,   12628 ,  -32768 ,   14460 ,    7551
   5016 ,  -10008 ,   10116 ,  -22838 ,    9857 ,    6705
    360 ,  -14252 ,    3568 ,   -5006 ,     112 ,    3197
    336 ,  -15652 ,    4548 ,   -1162 ,    -313 ,     890
     96 ,  -15624 ,    4656 ,    -807 ,   -1079 ,     -49
   -176 ,  -15664 ,    4324 ,    -465 ,     127 ,     137
    260 ,  -15764 ,    4388 ,   -1153 ,     -86 ,     201
---
   7588 ,   15416 ,     504 ,   -1180 ,     543 ,   -1509
   8096 ,   14680 ,    -468 ,   -1436 ,     263 ,    -386
  10420 ,   12516 ,    8608 ,  -32768 ,   10063 ,   11435
   8396 ,   -2440 ,   12828 ,  -32768 ,   15039 ,   12868
   3920 ,  -12980 ,    7580 ,   -7821 ,    1641 ,    2447
   1564 ,  -14964 ,    5480 ,   -6719 ,    1189 ,    3848
    600 ,  -15740 ,    5044 ,   -1268 ,     952 ,    1195
   1232 ,  -15724 ,    4808 ,    -898 ,       3 ,     386
   1108 ,  -15816 ,    5080 ,    -745 ,    -491 ,     219
    948 ,  -15736 ,    4512 ,     -98 ,    -171 ,     196
---
   7800 ,   12116 ,    3468 ,     -36 ,     127 ,   -3768
   8368 ,   13680 ,    1848 ,   -1718 ,     683 ,    1118
   9856 ,   13204 ,    5164 ,  -13546 ,    4931 ,    8009
   9976 ,    4584 ,   13068 ,  -32768 ,    9422 ,    9083
   5996 ,   -8544 ,   12416 ,  -29536 ,    6610 ,    7828
   2632 ,  -14796 ,    6884 ,  -10353 ,      65 ,    2336
   1284 ,  -15836 ,    4464 ,   -3839 ,     537 ,    1444
   1148 ,  -15900 ,    3992 ,   -1682 ,    -503 ,      38
   1248 ,  -16240 ,    4336 ,   -1552 ,    -415 ,      54
    940 ,  -16112 ,    3580 ,    -809 ,     729 ,     400
---
   1032 ,  -16140 ,    3468 ,    -874 ,    -198 ,    -223
    788 ,  -16016 ,    3300 ,     711 ,     820 ,   -1456
  12968 ,   11936 ,    2372 ,   32767 ,  -32768 ,  -32768
   6164 ,   11628 ,     176 ,     720 ,     716 ,   -1888
   8224 ,   13552 ,    -268 ,   -7296 ,    -476 ,    1110
   9948 ,   10952 ,    9628 ,  -32768 ,   11905 ,    7907
   6964 ,   -5180 ,   14416 ,  -26427 ,    6369 ,    7931
   2804 ,  -12356 ,    7996 ,  -13768 ,    4554 ,    2866
   1992 ,  -14944 ,    6432 ,   -5064 ,   -1047 ,    2976
   1316 ,  -15300 ,    5000 ,    -414 ,    -294 ,     515
---
    888 ,  -15132 ,    4056 ,    -197 ,    -227 ,   -1296
   2156 ,  -13736 ,    6000 ,   11229 ,    5745 ,   -6189
  15428 ,   24140 ,   16700 ,   32767 ,   -8095 ,    2371
   8780 ,   14044 ,     952 ,    1643 ,    -296 ,   -1205
   9336 ,   14672 ,     332 ,   -7179 ,    -541 ,    1649
   9168 ,    7012 ,   13512 ,  -32768 ,   19784 ,    6674
   4356 ,   -9224 ,   11368 ,  -23217 ,    3616 ,    4825
   2704 ,  -13972 ,    6372 ,   -8854 ,    1350 ,    3284
   1620 ,  -15176 ,    5652 ,   -3310 ,    -578 ,    1894
   1456 ,  -15536 ,    5264 ,   -1025 ,     229 ,     382
---
  30948 ,   32767 ,   16312 ,   32767 ,    8098 ,   -6058
   9260 ,   13696 ,   -2992 ,   -5693 ,   -2908 ,   -3592
   9116 ,   14320 ,    -844 ,   -2853 ,     469 ,     119
   9532 ,   13124 ,    3728 ,  -24755 ,    3829 ,    6530
   9728 ,    6264 ,   12196 ,  -31041 ,    9262 ,    5086
   6948 ,   -6848 ,   11900 ,  -26655 ,    8325 ,    6166
   3096 ,  -13408 ,    7032 ,   -8844 ,    6462 ,    3640
   1460 ,  -14972 ,    5724 ,   -4034 ,   -1187 ,    1448
   1284 ,  -15404 ,    4964 ,    -311 ,    -526 ,    1118
    876 ,  -15840 ,    4656 ,   -2282 ,      -2 ,     440
---
   6764 ,   15468 ,    2744 ,    6126 ,    2687 ,    4375
  10304 ,   13332 ,   -2048 ,   -1030 ,    -193 ,    1295
  10832 ,   11756 ,    4752 ,  -31474 ,    7515 ,    8707
  10148 ,    3828 ,   14156 ,  -32768 ,   13781 ,    2554
   5380 ,   -9140 ,   12520 ,  -22869 ,    3484 ,    4623
   2000 ,  -14508 ,    6428 ,  -12156 ,     317 ,    2956
   1400 ,  -16004 ,    2812 ,   -2548 ,    -298 ,     284
    900 ,  -16244 ,    2384 ,   -1280 ,     509 ,     399
    716 ,  -16248 ,    2628 ,    1588 ,   -1067 ,    -220
   1556 ,  -16412 ,    2824 ,    1163 ,     609 ,     -76
---
   4640 ,   13624 ,   -2524 ,   -1953 ,    2152 ,    5544
   9740 ,   13396 ,   -1984 ,    -761 ,    -272 ,     713
   9684 ,   13628 ,    -228 ,   -3977 ,     577 ,     152
  10336 ,   12188 ,    5840 ,  -23330 ,    9249 ,    3115
   9216 ,     248 ,   13808 ,  -32768 ,   15028 ,    5289
   4480 ,  -11300 ,    9748 ,  -15427 ,    2351 ,    3969
   2056 ,  -15204 ,    6120 ,   -9922 ,    2320 ,    3535
    160 ,  -15844 ,    3704 ,    -617 ,    -797 ,     125
    244 ,  -15984 ,    3288 ,    -129 ,      -5 ,     190
    388 ,  -16200 ,    3536 ,    -546 ,    -244 ,     -68
---
  10704 ,   14576 ,    -968 ,   32767 ,  -32768 ,  -32768
   6416 ,   10076 ,    -368 ,    4986 ,    1337 ,   -3474
  10032 ,   12492 ,   -2228 ,   -1367 ,     -58 ,    1319
  10440 ,   13500 ,    -820 ,   -5942 ,      56 ,     352
  10156 ,   11372 ,    7600 ,  -32768 ,   12696 ,   10722
   8272 ,   -2384 ,   14284 ,  -29572 ,    7186 ,    5464
   4604 ,  -11488 ,    8792 ,  -16995 ,    4630 ,    4777
   2160 ,  -15144 ,    5928 ,   -5489 ,    -268 ,    2602
   1220 ,  -15504 ,    4532 ,   -2038 ,    -320 ,     322
   1620 ,  -15940 ,    5456 ,   -1632 ,    -215 ,     440
---
   4684 ,   21664 ,     -68 ,   12773 ,    1232 ,   19650
  11260 ,   14776 ,   -1136 ,   -3006 ,    -134 ,    -943
  11400 ,   13064 ,    4176 ,  -23416 ,    4193 ,    7555
   9744 ,    2924 ,   13688 ,  -32768 ,   14423 ,    5338
   4876 ,  -11008 ,    9748 ,  -24434 ,    7136 ,    4628
   2216 ,  -15020 ,    5172 ,   -7019 ,    -604 ,    3684
    996 ,  -15788 ,    2332 ,   -1122 ,    -449 ,     921
    -32 ,  -15916 ,    2584 ,     581 ,     561 ,      14
    452 ,  -16348 ,    2460 ,     311 ,     190 ,    -197
    392 ,  -16428 ,    2452 ,     266 ,     321 ,      70
---
   -128 ,  -16368 ,    1772 ,    -439 ,     -50 ,    -263
     -4 ,  -16412 ,    1016 ,   -1743 ,    1169 ,   -1337
  15836 ,   19328 ,    4404 ,   32767 ,  -32768 ,  -32768
   9348 ,   15744 ,    6504 ,    1489 ,     377 ,   -1055
  10148 ,   12860 ,    -940 ,   -7381 ,    1700 ,    2565
  11404 ,    8796 ,    9404 ,  -32768 ,   14252 ,    8303
   7212 ,   -6648 ,   11424 ,  -22046 ,    9700 ,    6094
   4048 ,  -13380 ,    7912 ,  -11715 ,    2243 ,    4043
   2736 ,  -15328 ,    5720 ,    -988 ,    -878 ,    -484
   1924 ,  -14964 ,    5480 ,    -674 ,     340 ,     494
---
     84 ,   -6872 ,   -6092 ,   32767 ,   -3236 ,  -24738
   5404 ,    8580 ,     556 ,    3289 ,    6281 ,    5181
  10432 ,   13504 ,   -1272 ,   -5396 ,    1613 ,    3717
  10600 ,    9196 ,    9108 ,  -32768 ,   16519 ,    8792
   8140 ,   -5592 ,   12656 ,  -32768 ,    9409 ,    7057
   3392 ,  -13576 ,    6136 ,  -13992 ,    4693 ,    6666
   1208 ,  -15980 ,    3772 ,   -2977 ,   -1050 ,    1417
   1324 ,  -16248 ,    3480 ,    -501 ,    -371 ,     877
    856 ,  -16188 ,    3248 ,    -925 ,      43 ,     668
   1168 ,  -16104 ,    3636 ,    -518 ,    -252 ,     112
---
  11832 ,   13980 ,   -2340 ,   -2882 ,    -457 ,     349
  12176 ,   13156 ,    4104 ,  -32768 ,   10657 ,    9847
  10044 ,    1108 ,   13528 ,  -32768 ,   14162 ,    7173
   4780 ,  -12008 ,    8444 ,  -25113 ,    3595 ,    5802
   1176 ,  -15188 ,    3976 ,   -3538 ,   -2498 ,    2112
   1236 ,  -16152 ,    4020 ,     160 ,    -672 ,     323
    868 ,  -15772 ,    3140 ,     323 ,    -258 ,     375
    916 ,  -16092 ,    3592 ,    -513 ,    -353 ,     113
    960 ,  -16312 ,    3848 ,    -955 ,     273 ,     770
    856 ,  -16312 ,    3752 ,    -644 ,     130 ,     225
---
    332 ,  -16744 ,    3268 ,   -1541 ,    1470 ,    -127
    296 ,  -16608 ,    2344 ,    -190 ,      54 ,    -204
   9560 ,   13520 ,     -48 ,   32767 ,  -32768 ,  -32768
  12604 ,   14076 ,    5052 ,    3555 ,    -554 ,   -1982
  10388 ,   12700 ,     164 ,   -8118 ,     931 ,    1990
  11664 ,   10860 ,    7636 ,  -28192 ,    9007 ,    8008
   9948 ,    -696 ,   12552 ,  -30967 ,    9954 ,    6228
   6112 ,  -10360 ,   10524 ,  -16371 ,    3623 ,    5497
   2036 ,  -14308 ,    6036 ,   -7219 ,    1514 ,    4045
    540 ,  -15408 ,    3992 ,   -2021 ,     949 ,    1045
---
  -1968 ,  -16420 ,     132 ,  -12282 ,    4328 ,     586
    -52 ,  -17104 ,    -372 ,    3176 ,    2146 ,   -2762
  32767 ,   32767 ,   32767 ,   32767 ,    4974 ,   -4422
   9692 ,   14088 ,   -1004 ,   -3430 ,    -368 ,   -2841
  11700 ,   12836 ,    7496 ,  -30132 ,    9915 ,   10605
   9296 ,   -1792 ,   12756 ,  -32768 ,   11351 ,   10627
   4748 ,  -12632 ,    8284 ,  -15177 ,    3799 ,    5806
   2204 ,  -14716 ,    5896 ,   -4035 ,    2401 ,    1651
   2640 ,  -15324 ,    6860 ,   -2028 ,     429 ,     393
   2376 ,  -15528 ,    5188 ,   -2277 ,   -1049 ,     400
---
  22828 ,   25856 ,   18644 ,   32767 ,  -17473 ,  -14648
   9432 ,   13680 ,   -1124 ,    -226 ,   -1025 ,    -181
   9676 ,   13980 ,     304 ,   -9720 ,     185 ,     800
  11196 ,    9980 ,   10020 ,  -32768 ,   10494 ,    9593
   8224 ,   -5004 ,   13844 ,  -32768 ,    8603 ,    6843
   3612 ,  -12712 ,    6396 ,   -8330 ,     707 ,    3955
   2940 ,  -15116 ,    6280 ,   -4737 ,     669 ,    2344
   2124 ,  -15276 ,    5020 ,    -885 ,    -361 ,     338
   1880 ,  -15476 ,    4648 ,    -303 ,     730 ,     933
   1772 ,  -16032 ,    4680 ,    -692 ,     -85 ,     312
---
  -1604 ,  -14624 ,   -3832 ,  -13008 ,    4271 ,    2864
  27808 ,   24232 ,   17204 ,   32767 ,  -17325 ,   -2667
  12472 ,   12928 ,   -3164 ,     191 ,   -1372 ,    -950
  11952 ,   13384 ,    2304 ,  -26228 ,    5504 ,    5928
  10908 ,    5920 ,   11984 ,  -32768 ,   11173 ,    4651
   7380 ,   -8088 ,   11460 ,  -20480 ,    6250 ,    7070
   5208 ,  -14008 ,    7748 ,   -9275 ,    1905 ,    6490
   2668 ,  -15052 ,    6520 ,   -2040 ,    -412 ,     861
   2988 ,  -15388 ,    6096 ,   -1625 ,     473 ,     761
   2308 ,  -15740 ,    5708 ,   -2335 ,     196 ,    1401
---
   1304 ,   10040 ,   -3280 ,   11002 ,   -4441 ,   20519
  11916 ,   13344 ,    -288 ,   -3323 ,      76 ,     568
  11980 ,   13532 ,    2612 ,  -10495 ,    2542 ,    2147
  11680 ,   11804 ,    5900 ,   -7693 ,    2635 ,    3426
  11284 ,    2844 ,   12812 ,  -28941 ,   10334 ,    7477
   7800 ,   -8320 ,   11704 ,  -22248 ,    6987 ,    6911
   4400 ,  -13732 ,    8032 ,  -11868 ,    2037 ,    5020
   3512 ,  -15012 ,    6788 ,   -2677 ,     797 ,    1592
   1992 ,  -15652 ,    4572 ,   -6526 ,    1590 ,    2052
    712 ,  -16128 ,    2664 ,   -1894 ,     166 ,    1209
---
  -1216 ,  -16068 ,   -4692 ,    -807 ,    -379 ,   -2414
   4544 ,    8408 ,     204 ,   32767 ,  -31848 ,  -32768
   8124 ,   10832 ,    -508 ,    4833 ,    1950 ,    -350
   9860 ,   12028 ,   -1532 ,   -3881 ,    -706 ,     243
  12424 ,   13632 ,    1580 ,   -8451 ,    3476 ,    1965
  11928 ,    7456 ,    9252 ,  -31015 ,    9043 ,    6834
   9940 ,   -3144 ,   14028 ,  -20736 ,    4991 ,    3413
   6760 ,   -9500 ,   10756 ,  -12451 ,    2761 ,    5270
   4092 ,  -12540 ,    7716 ,   -4849 ,    1752 ,    3415
   3212 ,  -14400 ,    6576 ,   -5741 ,    2343 ,    4398
---
  16268 ,   21592 ,    -924 ,   32767 ,  -32768 ,  -32768
   8632 ,   10876 ,    1948 ,     491 ,    -625 ,   -1823
  10768 ,   11300 ,    -608 ,   -4877 ,    -710 ,    1679
  12396 ,   10640 ,    4072 ,  -24678 ,    7965 ,    9715
  12848 ,     472 ,   12204 ,  -32075 ,   11422 ,    7358
   8156 ,   -8624 ,   11016 ,  -16290 ,    4525 ,    6751
   5752 ,  -12440 ,    8320 ,   -4849 ,    1791 ,    2946
   3776 ,  -13996 ,    6872 ,   -5296 ,     633 ,    1432
   2908 ,  -14988 ,    4392 ,   -3006 ,    -439 ,      84
   2308 ,  -15516 ,    4540 ,    -145 ,     799 ,     913
---
     20 ,  -16240 ,     688 ,  -16811 ,    9928 ,    8139
   3828 ,   29092 ,   -2800 ,   32767 ,  -32768 ,  -32768
   9556 ,   11564 ,    3856 ,    2416 ,     511 ,   -4173
  10236 ,   12340 ,     520 ,   -2729 ,     470 ,    1534
  11708 ,    9136 ,   10120 ,  -32768 ,   12274 ,   12214
   8100 ,   -4880 ,   11372 ,  -30224 ,    6087 ,    8875
   2568 ,  -13856 ,    5404 ,  -11411 ,    3470 ,    6478
    432 ,  -15544 ,    1844 ,   -2153 ,    1065 ,    1801
    -84 ,  -16432 ,    1508 ,    1002 ,    -842 ,    -201
   -452 ,  -16348 ,    1764 ,     738 ,     -22 ,     199
---
  -1316 ,  -15048 ,   -1448 ,    4972 ,    -740 ,   -3682
  32767 ,   32767 ,   28468 ,   28277 ,    6868 ,    1055
  10052 ,   13696 ,     332 ,   -4455 ,     528 ,    -555
  11292 ,   11464 ,    4936 ,  -15209 ,    6464 ,    4800
  10400 ,    6384 ,   11232 ,  -26784 ,    7245 ,    5813
   8776 ,   -6036 ,   12460 ,  -23635 ,    3251 ,    5995
   4080 ,  -11172 ,    7992 ,   -6640 ,    1848 ,    3303
   3680 ,  -14840 ,    6016 ,   -8046 ,    1123 ,    3972
   2452 ,  -15312 ,    5288 ,   -1031 ,    -258 ,     496
   2764 ,  -15452 ,    5640 ,    -368 ,    -173 ,      73
---
  13228 ,   15168 ,    2308 ,   32767 ,  -32768 ,  -32768
  11172 ,   10208 ,    2264 ,   -2763 ,    1205 ,   -5812
  10880 ,   11496 ,    1256 ,   -2532 ,     671 ,    1521
  12256 ,   11180 ,    6180 ,  -25613 ,    6810 ,    7898
  10904 ,   -1492 ,   11456 ,  -32768 ,    9788 ,    8193
   5620 ,  -11548 ,    8764 ,  -14211 ,    1737 ,    6681
   3340 ,  -14396 ,    6648 ,   -2059 ,   -1819 ,     563
   4000 ,  -14832 ,    6940 ,   -2658 ,    -929 ,    1245
   3064 ,  -14772 ,    5232 ,     186 ,     536 ,    -301
   3092 ,  -15084 ,    5900 ,    -222 ,    -346 ,    -375
---
   1168 ,  -16296 ,    2244 ,    -349 ,      19 ,    -226
   1132 ,  -16324 ,    2276 ,    -447 ,     -27 ,      35
   -932 ,  -13164 ,    -632 ,   24264 ,   -8434 ,  -12450
   2236 ,   24864 ,   -3172 ,    9466 ,   17152 ,   31263
  11916 ,   13120 ,   -1624 ,   -6081 ,    -767 ,    -896
  12624 ,   12460 ,    5000 ,  -27084 ,    8621 ,   11334
  12268 ,    1360 ,   11080 ,  -22659 ,    6011 ,    5151
   9560 ,   -6368 ,   12032 ,  -14837 ,    2783 ,    5381
   6472 ,  -11192 ,    8620 ,  -11077 ,    6261 ,    7316
   3624 ,  -14032 ,    5760 ,   -3478 ,    4801 ,    3829
---
   1656 ,  -13268 ,   -1192 ,   16161 ,   -2949 ,  -11371
  22084 ,   20424 ,    7900 ,   32421 ,    9804 ,   11002
  12712 ,   12036 ,   -1972 ,   -7822 ,   -1207 ,   -1072
  13408 ,   10640 ,    2828 ,  -20062 ,    4876 ,    4228
  12500 ,    3600 ,   10892 ,  -32768 ,   14148 ,    5315
   7228 ,   -8120 ,   12084 ,  -16635 ,    4408 ,    8151
   4604 ,  -12612 ,    9232 ,   -8366 ,    3399 ,    4575
   2716 ,  -14068 ,    6492 ,   -3317 ,    1702 ,    2353
   3660 ,  -14708 ,    7404 ,    -713 ,    -122 ,     473
   3012 ,  -14536 ,    6708 ,   -1106 ,     649 ,     489
---
   3460 ,    9296 ,   -6044 ,   32767 ,  -32768 ,  -32768
   8844 ,   10716 ,    2104 ,    1828 ,     124 ,   -1093
  11412 ,   11680 ,     584 ,   -2870 ,     321 ,    2166
  11864 ,   11380 ,    4276 ,  -23290 ,    8206 ,    8830
  11884 ,    3048 ,   11952 ,  -24989 ,    3334 ,    4414
  10240 ,   -4124 ,   11556 ,  -12614 ,    2984 ,    4027
   8872 ,   -8968 ,   11300 ,  -13020 ,    4343 ,    5593
   6560 ,  -12700 ,    8356 ,   -8488 ,    4430 ,    5624
   4088 ,  -14300 ,    5156 ,   -2123 ,    1638 ,    1320
   3196 ,  -15076 ,    5152 ,   -1667 ,     593 ,    1028
---
   1768 ,  -15956 ,    4256 ,   -2108 ,     660 ,     294
    952 ,  -16284 ,    2428 ,   -5341 ,     953 ,   -1684
  17552 ,   20628 ,    8152 ,   32767 ,  -29746 ,  -32768
  10120 ,    9888 ,    1528 ,    2181 ,     618 ,   -3219
  11868 ,   11944 ,    2404 ,  -10825 ,    1333 ,    3280
  12512 ,    8656 ,    7448 ,  -11135 ,    5058 ,    8105
  11692 ,    1924 ,   10632 ,  -18765 ,    5434 ,    4278
   9012 ,   -6728 ,   11456 ,  -14096 ,    3542 ,    4500
   6008 ,  -11676 ,    8476 ,  -11707 ,    3967 ,    6096
   2704 ,  -14192 ,    6156 ,   -2842 ,    1156 ,    1863
---
  -2244 ,  -14440 ,   -4052 ,    7316 ,    -625 ,   -6156
  15548 ,   10544 ,   11964 ,   32767 ,  -18002 ,  -29010
   9844 ,   13012 ,     284 ,     653 ,   -2045 ,   -1167
   9600 ,   12992 ,     596 ,   -6802 ,     517 ,    1088
  10288 ,   12460 ,    2200 ,   -4438 ,    1525 ,    1509
  11600 ,    6792 ,    9596 ,  -30762 ,   11465 ,    9087
   9804 ,   -3596 ,   14496 ,  -20973 ,    6330 ,    5853
   6248 ,  -10704 ,    9664 ,  -16270 ,    6145 ,    4018
   3620 ,  -14372 ,    5920 ,   -6046 ,     846 ,    2573
   4388 ,  -15108 ,    7456 ,   -2450 ,    -463 ,     382
---
   -296 ,  -14636 ,     992 ,    8624 ,   -1729 ,   -7523
  25360 ,   26696 ,   20156 ,   16130 ,    6777 ,    9492
  10260 ,   13156 ,    -340 ,   -3863 ,    -293 ,   -1213
   9908 ,   13492 ,     972 ,   -1007 ,    -874 ,    -981
  12292 ,   12212 ,    7528 ,  -29179 ,   11211 ,   14206
  10188 ,    -604 ,   13888 ,  -32768 ,   10964 ,    9125
   4872 ,  -11192 ,    8156 ,  -13432 ,    4368 ,    6519
   1644 ,  -14168 ,    5276 ,   -4963 ,    1580 ,    5034
   1456 ,  -15232 ,    5724 ,     139 ,   -1618 ,     167
   1744 ,  -15584 ,    5776 ,   -1235 ,     -84 ,     123
---
  15040 ,   19796 ,    7612 ,   32767 ,  -16012 ,  -32768
  10456 ,   13104 ,    1444 ,     613 ,   -1795 ,   -3199
   9164 ,   13660 ,     216 ,   -1757 ,     119 ,    -101
   9956 ,   12648 ,    2336 ,  -10142 ,    2212 ,    3928
  10632 ,   12584 ,    4160 ,   -3873 ,     514 ,    2339
  10980 ,    7616 ,    9168 ,  -32768 ,    9641 ,   10708
   8864 ,   -5960 ,   12776 ,  -16149 ,    3872 ,    5035
   7428 ,   -9700 ,    9952 ,   -5966 ,   -1055 ,    2980
   7812 ,  -11016 ,    8808 ,   -3223 ,     -67 ,    1483
   7424 ,  -11436 ,    8868 ,    -404 ,    -414 ,    -259
---
   8076 ,   13056 ,     632 ,    6193 ,     614 ,    1170
  10216 ,   12576 ,    -332 ,   -1909 ,    -765 ,     -14
  10596 ,   12920 ,     416 ,   -1506 ,    -166 ,    -586
  10740 ,   12348 ,     880 ,   -3078 ,     342 ,    1259
  12028 ,   10388 ,    5928 ,  -16925 ,    6319 ,    6800
  11696 ,    2720 ,   10544 ,  -26726 ,    5800 ,    9546
   8812 ,   -7664 ,   10548 ,  -16560 ,    6397 ,    5848
   6972 ,  -12328 ,    9296 ,   -7753 ,   -2059 ,    4142
   4432 ,  -14084 ,    6132 ,   -2666 ,     740 ,    2490
   3416 ,  -15008 ,    5992 ,   -3050 ,     447 ,     916
---
  10132 ,   13120 ,   -1224 ,    -915 ,    -699 ,    -518
  10580 ,   13348 ,    -920 ,   -1729 ,     154 ,    -559
  11152 ,   12676 ,    1748 ,   -4366 ,     442 ,    -245
  12184 ,   11772 ,    4252 ,   -7566 ,    2109 ,    2263
  12204 ,    4744 ,   11384 ,  -30794 ,    7528 ,    7654
   9068 ,   -7364 ,    9984 ,  -23790 ,    4396 ,    8737
   6380 ,  -13128 ,    7272 ,   -9727 ,    1202 ,    4697
   3892 ,  -14492 ,    7020 ,    -581 ,     838 ,    1467
   4144 ,  -14436 ,    5736 ,    -205 ,      -3 ,     310
   3960 ,  -14744 ,    6024 ,     -26 ,    -735 ,    -578
---
  17612 ,   19864 ,   12756 ,   22073 ,    1701 ,   13537
  10984 ,   12656 ,    -648 ,   -3029 ,    -763 ,    -466
  12244 ,   13152 ,    1068 ,   -3102 ,     436 ,     433
  11480 ,   10588 ,    2872 ,  -12442 ,    4917 ,    6566
  13172 ,    7116 ,    8532 ,  -11494 ,    2104 ,    2428
  12444 ,    1104 ,   11120 ,  -14479 ,    3330 ,    6129
   9072 ,   -6448 ,   10648 ,  -19489 ,    7334 ,    7598
   6080 ,  -12036 ,    8036 ,   -8441 ,    3550 ,    3848
   3764 ,  -14376 ,    7696 ,  -10242 ,    7514 ,    6361
   2140 ,  -15600 ,    5684 ,   -4355 ,    2518 ,     966
---
  11436 ,   12400 ,   -1092 ,   -2401 ,   -1500 ,   -1942
  10812 ,   12784 ,    -340 ,      14 ,    -680 ,    -291
  10384 ,   12208 ,     728 ,   -4210 ,   -1350 ,    -522
  11296 ,    9540 ,    5616 ,  -24360 ,    7137 ,    8187
  11360 ,    2960 ,   12300 ,  -22626 ,    5605 ,    6367
  10076 ,   -5444 ,   10764 ,  -12537 ,    2931 ,    6369
   6088 ,  -10064 ,    8876 ,  -10214 ,    9175 ,    6486
   2824 ,  -13436 ,    6220 ,   -1163 ,     682 ,     785
   2736 ,  -14548 ,    6040 ,    -733 ,     490 ,    1272
   2808 ,  -14612 ,    6044 ,    -185 ,    -190 ,     -18
---
  11864 ,   12352 ,    -676 ,   -4666 ,   -2078 ,   -3416
  10916 ,   13372 ,     824 ,   -6390 ,    1049 ,     135
  12124 ,   11848 ,    3388 ,   -5471 ,    5058 ,    3311
  12252 ,    8536 ,    7752 ,  -28256 ,    7624 ,   10797
  11712 ,   -1504 ,   12144 ,  -22195 ,    7311 ,    6261
   9112 ,   -6920 ,   10096 ,   -7559 ,    -474 ,    3712
   9032 ,   -8552 ,   10500 ,   -1686 ,     143 ,     282
   7744 ,  -10448 ,   10392 ,   -5281 ,    7360 ,    1820
   5988 ,  -13160 ,    8836 ,  -11045 ,    6095 ,    7511
   1260 ,  -15148 ,    5804 ,   -5118 ,    3220 ,    3162
---
   -368 ,  -16256 ,    2668 ,    -801 ,      23 ,    -390
  -1084 ,  -14916 ,   -1756 ,       2 ,     927 ,   -4135
  32767 ,   32767 ,   32767 ,   32767 ,   -2215 ,  -15509
  13384 ,   12284 ,   -1120 ,   -5054 ,   -2661 ,   -3197
  10916 ,   12688 ,     304 ,    -320 ,     -69 ,    -434
  11200 ,   11844 ,    1928 ,   -5752 ,    2769 ,    2944
  12236 ,   10892 ,    3840 ,  -12557 ,    3795 ,    6673
  13104 ,    4908 ,    8224 ,  -12724 ,    2650 ,    4110
  12340 ,     116 ,   11836 ,  -20614 ,    6364 ,    5061
   9040 ,   -7880 ,    8872 ,  -14932 ,   10193 ,    8490
---
  -1840 ,  -15840 ,   -1700 ,    -874 ,    1183 ,   -3561
  19440 ,   16456 ,    7444 ,   32767 ,  -31285 ,  -32768
   9716 ,    9556 ,     472 ,    4530 ,    1145 ,   -3737
  11412 ,   11028 ,   -1712 ,    -572 ,    -490 ,     549
  11900 ,   12196 ,     808 ,   -7216 ,    1291 ,     414
  12992 ,    9696 ,    4704 ,  -14794 ,    5715 ,    4626
  13352 ,    4364 ,   10752 ,  -18433 ,    2851 ,    6207
   9388 ,   -6708 ,   10748 ,  -27010 ,   19996 ,   10060
   1916 ,  -14228 ,    3820 ,  -11333 ,    5434 ,    7286
   1668 ,  -15840 ,    4256 ,     499 ,   -1275 ,    -416
---
  30868 ,   24036 ,   26220 ,   32420 ,    4630 ,    8246
  13364 ,   13448 ,   -3792 ,   -3780 ,   -2351 ,   -2259
  11316 ,   13020 ,    -428 ,   -1600 ,      46 ,    -285
  10392 ,   11364 ,     184 ,   -3819 ,     203 ,     233
  11780 ,   11912 ,    2012 ,   -7001 ,    2249 ,    3724
  12464 ,    6920 ,    7516 ,  -18976 ,    6362 ,    6587
  12464 ,   -1084 ,   11212 ,  -23883 ,    4920 ,    8178
   9660 ,   -8652 ,   10052 ,   -9290 ,     326 ,    6183
   6584 ,  -13476 ,    7528 ,  -12336 ,    3159 ,    5862
   3784 ,  -15104 ,    5340 ,    -891 ,     389 ,     578
---
  21636 ,   19700 ,   14208 ,   26575 ,    -611 ,    1551
  10356 ,   12292 ,    1236 ,   -3171 ,     394 ,   -1339
  11416 ,   12916 ,    1412 ,      41 ,     524 ,     745
  11844 ,   11784 ,    3228 ,   -7509 ,    1812 ,    2656
  12184 ,    5272 ,    8804 ,  -19280 ,    6058 ,    2282
  10420 ,   -5512 ,   10096 ,  -27088 ,   11092 ,   12547
   5336 ,  -13388 ,    6772 ,  -11106 ,    3144 ,    7151
   3364 ,  -15356 ,    6436 ,   -3278 ,    -580 ,    1920
   3080 ,  -15384 ,    4664 ,   -2534 ,      55 ,     207
   3348 ,  -15456 ,    5284 ,    -117 ,    -251 ,     581
---
   -252 ,  -15164 ,   -2164 ,  -14467 ,    6401 ,   -1231
  15336 ,   18368 ,    3876 ,   32767 ,  -32768 ,  -32768
   8932 ,   10960 ,    2264 ,     561 ,    1679 ,    -259
  11508 ,   11360 ,    -676 ,   -4539 ,     818 ,    1755
  11980 ,   11964 ,     -12 ,   -2275 ,    -308 ,    -448
  11912 ,   12024 ,     252 ,   -2253 ,    -138 ,     810
  12724 ,    7000 ,    7816 ,  -32768 ,   11804 ,   14186
  10400 ,   -6696 ,   11664 ,  -18279 ,    2695 ,    7574
   6720 ,  -12048 ,    7672 ,  -12845 ,    6631 ,    8007
   4160 ,  -14308 ,    5580 ,   -2061 ,    1243 ,    2550
---
   8648 ,   14324 ,    5176 ,    8884 ,     862 ,    9029
  12684 ,   11528 ,     820 ,   -3169 ,   -1036 ,   -1189
  12472 ,   11216 ,    2376 ,   -5018 ,    1438 ,    1116
  13392 ,    7704 ,    7808 ,  -25014 ,    9535 ,    8852
  11700 ,    -776 ,   11384 ,  -23538 ,    9048 ,    7416
   9656 ,   -8300 ,    9480 ,   -7624 ,     -69 ,    3861
   5884 ,  -12876 ,    8608 ,  -24988 ,   28986 ,   16516
   -264 ,  -16196 ,    4240 ,   -7994 ,     425 ,    4050
    176 ,  -16676 ,    2388 ,   -3304 ,    -619 ,    1478
   -696 ,  -16304 ,    1396 ,   -1681 ,     899 ,     940
---
  11844 ,   12100 ,   -2624 ,   -4706 ,   -1550 ,   -1115
  11504 ,   12072 ,    -108 ,   -1069 ,    -516 ,     270
  11984 ,   12024 ,    2296 ,  -13361 ,    1683 ,    5161
  13468 ,   10564 ,    4452 ,   -6817 ,    1017 ,    4556
  13864 ,    4904 ,    8800 ,  -29190 ,   11869 ,    3325
  10276 ,   -6588 ,   10976 ,  -21542 ,    6809 ,    5420
   7500 ,  -12628 ,    8740 ,  -14195 ,    2737 ,    5933
   3584 ,  -15340 ,    6452 ,   -8529 ,     999 ,    4545
   -972 ,  -15940 ,    3772 ,   -5577 ,    1515 ,    3719
  -1076 ,  -16288 ,    2556 ,   -1714 ,    -760 ,    2110
---
  13932 ,    9876 ,   -1100 ,   -1119 ,   -3035 ,   -4898
  12288 ,   11144 ,   -1144 ,   -1456 ,    -607 ,    -286
  12632 ,   10800 ,    1756 ,  -12190 ,    1875 ,    1661
  13232 ,    8204 ,    6892 ,  -26425 ,    9009 ,    7885
  11956 ,   -1660 ,   11760 ,  -23632 ,    6904 ,    7151
   8100 ,  -10976 ,    8548 ,  -20795 ,    8306 ,    9877
   2408 ,  -14920 ,    4060 ,   -6287 ,    5371 ,    6112
    -44 ,  -16476 ,    5040 ,   -2813 ,      20 ,    1118
   -620 ,  -16540 ,    2072 ,   -3426 ,    3334 ,    2239
  -1564 ,  -16228 ,    -520 ,   -2691 ,    1401 ,    1615
---
  11284 ,   12308 ,     592 ,    -597 ,     255 ,     -43
  11516 ,   11256 ,    1212 ,    -151 ,     389 ,     -74
  11784 ,   10600 ,    3104 ,  -11917 ,    5392 ,    6282
  12832 ,    5648 ,    9292 ,  -18752 ,    5546 ,    4047
  12384 ,   -1132 ,   10552 ,  -14445 ,    1057 ,    7336
  11104 ,   -8064 ,   10416 ,  -16697 ,    5046 ,    7929
   4788 ,  -12312 ,    6948 ,   -6449 ,    6355 ,    4884
   3892 ,  -15344 ,    7864 ,   -5151 ,    5141 ,    4162
    224 ,  -16276 ,    2304 ,  -13028 ,    7962 ,    7404
  -1200 ,  -15916 ,   -2648 ,    -819 ,     159 ,     704
---
  10796 ,   11444 ,     472 ,     437 ,      57 ,     687
  11216 ,   11488 ,     428 ,    -339 ,    -134 ,    -232
  12384 ,   11472 ,    1908 ,   -6263 ,     981 ,     824
  12756 ,    9176 ,    5536 ,  -14979 ,    4803 ,    3405
  12996 ,    3664 ,    9424 ,  -20120 ,    4756 ,    5050
  11156 ,   -3160 ,   11000 ,  -17134 ,    4942 ,    7239
   7964 ,  -11052 ,    8360 ,  -17342 ,    7636 ,    5785
   5204 ,  -13804 ,    6084 ,    -519 ,    2977 ,    2570
   4856 ,  -14836 ,    6020 ,    -606 ,     636 ,    2233
   2896 ,  -15888 ,    5032 ,   -5546 ,    4047 ,    2326
---
  10996 ,   10716 ,    1948 ,   -4506 ,    -491 ,    -953
  12560 ,   10612 ,     844 ,    -509 ,     588 ,    1575
  13864 ,   10020 ,    2892 ,   -7298 ,    1382 ,    2960
  13168 ,    7732 ,    3888 ,   -4672 ,     204 ,    -811
  13292 ,    5804 ,    8084 ,  -10958 ,    2698 ,    2976
  12856 ,   -2088 ,   11868 ,  -32768 ,   10217 ,   10535
   8584 ,  -10444 ,    7864 ,  -10701 ,    3272 ,    4992
   4208 ,  -13788 ,    2852 ,   -7908 ,   15883 ,    8896
   2948 ,  -16012 ,    4752 ,   -1343 ,    -325 ,     972
   2332 ,  -15672 ,    3264 ,   -1368 ,    -390 ,     357
---
  12968 ,    9800 ,   -2712 ,   -1117 ,   -1168 ,   -1086
  12540 ,   11288 ,   -1324 ,    -333 ,      13 ,      34
  11964 ,   11128 ,     -36 ,   -5107 ,    1156 ,     892
  13400 ,   10052 ,    3224 ,  -13596 ,    4662 ,    6809
  14128 ,    2140 ,    8924 ,  -27718 ,    7568 ,    6292
  11572 ,   -8196 ,    8068 ,  -29693 ,   10148 ,   16321
   5040 ,  -14148 ,    4968 ,   -8411 ,    9727 ,    9008
   2808 ,  -16336 ,    4252 ,   -3441 ,    2480 ,    2217
   1940 ,  -16152 ,    3720 ,   -3162 ,     797 ,     845
   1836 ,  -16620 ,    2020 ,   -5326 ,     849 ,     794
---
  12868 ,   10880 ,    -724 ,      51 ,   -1186 ,   -1650
  12764 ,   10956 ,   -2244 ,     781 ,    2327 ,    -134
  12700 ,   10592 ,    2320 ,  -15504 ,    1810 ,    2990
  14324 ,    7048 ,    8256 ,  -24593 ,    7433 ,    3687
  11968 ,    -576 ,   11276 ,  -23839 ,    6412 ,    4997
   8220 ,   -9644 ,   10956 ,  -22808 ,    7485 ,    7875
   4476 ,  -14260 ,    5484 ,  -11082 ,    7889 ,    6484
    664 ,  -15920 ,    4468 ,   -8000 ,    2846 ,    4495
   -480 ,  -16480 ,    2504 ,   -1664 ,    -720 ,     751
   -452 ,  -16684 ,    1356 ,   -3275 ,     619 ,    1465