11468 ,   -1192 ,   12880 ,   -4605 ,   -4427 ,    1727
  12392 ,   -2816 ,    9516 ,   -6163 ,  -12669 ,     248
  14872 ,   -4908 ,    3864 ,    1198 ,   -6408 ,     790
  16280 ,   -5180 ,     188 ,    4366 ,  -13066 ,    5720
  13856 ,   -7444 ,   -6996 ,    6901 ,  -14333 ,   -1917
  13452 ,   -7412 ,   -8820 ,    3815 ,   -9166 ,    1429
  11576 ,   -7536 ,  -11624 ,  -32768 ,   28179 ,    7645
   5536 ,   -7668 ,   -3460 ,  -20549 ,   16433 ,   13743
  14204 ,   -8948 ,   -4756 ,    1400 ,     -65 ,    -458
  14612 ,   -8368 ,   -4064 ,    1949 ,   -1425 ,   -2710
---  13560 ,   -7220 ,   -9080 ,    -390 ,    -745 ,      77
  13104 ,   -7052 ,   -9056 ,    -436 ,    -513 ,     -68
  14588 ,   -4904 ,   -5548 ,   -6743 ,    1574 ,   -6049
   6888 ,    4460 ,  -19480 ,  -28459 ,   26869 ,   32767
  14940 ,   -5080 ,   -9240 ,    1163 ,     180 ,   -2183
  13660 ,   -3888 ,   -9520 ,    2915 ,   -2565 ,   -3730
  15760 ,   -3008 ,   -4644 ,   28275 ,   -3261 ,  -18377
  13160 ,   -4484 ,   -8512 ,   17622 ,    2601 ,   -5255
  16140 ,   -3996 ,   -5780 ,    2458 ,     766 ,   -3174
  15840 ,   -3816 ,   -6036 ,     533 ,    -392 ,    -647
---  14988 ,   -3964 ,   -9216 ,    -602 ,    -114 ,      38
  14392 ,   -4308 ,   -8524 ,     218 ,    -137 ,    -409
  14384 ,   -4160 ,   -9228 ,     307 ,      76 ,    -489
  16660 ,   -1488 ,   -8220 ,   27824 ,     782 ,  -16109
  15244 ,   -3612 ,   -6932 ,    6511 ,    -223 ,   -1222
  15988 ,   -3544 ,   -5476 ,      48 ,    -271 ,    -220
  15908 ,   -3444 ,   -6588 ,    -650 ,    -174 ,    -403
  15484 ,   -3620 ,   -5828 ,     874 ,    -569 ,     -33
  15732 ,   -3520 ,   -6692 ,    -341 ,    -237 ,     111
  15728 ,   -3660 ,   -6832 ,     -88 ,    -424 ,    -325
---  12144 ,   -6708 ,   -6248 ,     173 ,   -1048 ,   -1603
  15600 ,   -6172 ,   -6720 ,     395 ,     454 ,    -999
  15076 ,   -5920 ,   -5920 ,    1529 ,    1098 ,   -1778
  15068 ,   -4824 ,   -7368 ,    9859 ,    1038 ,   -7095
  15848 ,   -3116 ,   -6032 ,   15078 ,   -5108 ,   -2161
  15480 ,   -4724 ,   -5632 ,    8384 ,   -1795 ,    -776
  16248 ,   -4788 ,   -4696 ,    -520 ,    -426 ,    -240
  15884 ,   -4500 ,   -4816 ,    1973 ,    -149 ,    -890
  15904 ,   -4544 ,   -4684 ,    -332 ,    -298 ,     142
  16224 ,   -4384 ,   -4872 ,    -173 ,      66 ,      77
---   8880 ,  -11952 ,   -7144 ,   -5307 ,   -5544 ,     -96
  10776 ,   -5128 ,   -6332 ,  -32768 ,   -4226 ,   15191
   3276 ,   -3292 ,  -12656 ,   -4606 ,   32767 ,   32767
  19756 ,   -6228 ,   -6368 ,   -2148 ,     484 ,    4368
  14408 ,   -5960 ,   -7752 ,    1452 ,    -274 ,   -3131
  14484 ,   -3604 ,   -7800 ,   29206 ,   -3130 ,  -18433
  16200 ,   -3348 ,   -6112 ,   17830 ,   -5641 ,   -4704
  14688 ,   -4616 ,   -7168 ,    4290 ,    1699 ,    -770
  15328 ,   -4260 ,   -7544 ,   -1175 ,     447 ,     598
  15588 ,   -4240 ,   -7440 ,    -620 ,    -166 ,    -138
---  15360 ,   -4896 ,   -6716 ,     275 ,     174 ,    -167
  16212 ,   -4696 ,   -5372 ,   22159 ,     380 ,   -5033
  16188 ,   -3352 ,   -2824 ,   10877 ,   -9356 ,   -1090
  -1540 ,    4956 ,  -24828 ,  -32768 ,  -21259 ,   32767
  15232 ,   -4028 ,  -11796 ,    -718 ,    5118 ,    5525
  12700 ,   -2752 ,  -10520 ,     569 ,     744 ,   -2042
  14296 ,   -1824 ,  -12796 ,    6676 ,    -220 ,   -4833
  15164 ,   -3092 ,  -10852 ,   19941 ,   -6794 ,   -9016
  13388 ,   -5724 ,   -8004 ,   14169 ,   10589 ,   -2637
  15732 ,   -6548 ,   -4608 ,    5936 ,     880 ,   -1381
---  14376 ,   -7792 ,   -4808 ,    3196 ,   -2040 ,     461
  14680 ,   -7464 ,   -3524 ,   29785 ,   -8375 ,    -969
  12888 ,   -5300 ,    1456 ,    6895 ,  -13554 ,  -10784
  -3880 ,   16820 ,  -29380 ,  -32768 ,   32591 ,   32767
  17504 ,   -5860 ,   -4176 ,   -3595 ,   -1115 ,   -1958
  15096 ,   -3340 ,   -9728 ,    2345 ,   -1487 ,   -1941
  16284 ,   -1636 ,   -4036 ,   32767 ,   -2435 ,  -17271
  15112 ,   -3848 ,   -7304 ,   -6884 ,   -3478 ,    3642
  15620 ,   -4204 ,   -6960 ,   -3813 ,    -492 ,    1219
  14952 ,   -4076 ,   -7400 ,   -2500 ,    -696 ,     513
---  13520 ,   -7836 ,   -6508 ,   -1221 ,     173 ,      25
  14384 ,   -7456 ,   -7352 ,    -321 ,      15 ,    -983
  13284 ,    4656 ,   -8336 ,  -32768 ,   -9121 ,   32767
  10896 ,   -5284 ,   -7664 ,    2910 ,   19719 ,    5099
  13704 ,   -1924 ,  -10000 ,      57 ,   -1390 ,    -132
  14652 ,   -2156 ,   -6816 ,   12710 ,     878 ,   -9954
  14824 ,   -2628 ,   -8888 ,   19345 ,    5052 ,   -9209
  15000 ,   -2612 ,   -8864 ,   -4647 ,   -1517 ,    3703
  13692 ,   -3432 ,  -11084 ,   -6595 ,    1575 ,    6180
  14460 ,   -4488 ,   -8536 ,   -5075 ,    4128 ,    5987
---  15540 ,   -6512 ,   -4096 ,   -1995 ,     653 ,     466
  15132 ,   -6716 ,   -4584 ,    -369 ,    -192 ,    -640
  15428 ,   -4244 ,   -3004 ,   32767 ,  -27224 ,  -13411
  11500 ,  -10508 ,   -4336 ,   -1029 ,   -6560 ,    -848
  30076 ,   11544 ,   -2744 ,  -32768 ,   31832 ,   32767
  19844 ,  -11064 ,   -4256 ,     654 ,    6354 ,    4884
  12864 ,   -8728 ,   -5340 ,    3626 ,    -841 ,   -3953
  19756 ,   -6716 ,    4216 ,   32767 ,   -9734 ,  -13346
  14820 ,   -5208 ,    -696 ,    7387 ,   -3672 ,     316
  15688 ,   -6048 ,   -2240 ,     -83 ,    -808 ,   -1296
---  15784 ,   -5888 ,   -2960 ,    2265 ,   -3743 ,    1278
  15912 ,   -6548 ,   -4112 ,    5234 ,   -2998 ,    -319
  16324 ,   -6508 ,   -2700 ,   25651 ,  -17005 ,   -1889
   8268 ,    8088 ,  -24776 ,  -32768 ,   30245 ,   32767
  18136 ,   -6124 ,   -8172 ,     596 ,     818 ,     485
  13956 ,   -4780 ,   -8020 ,   22377 ,   -2145 ,  -14251
  17028 ,   -4160 ,     448 ,   10956 ,    1235 ,   -2330
  16888 ,   -3444 ,   -2156 ,   -6398 ,   -1421 ,    1297
  16736 ,   -3664 ,   -2316 ,   -1169 ,     113 ,    -328
  16520 ,   -3800 ,   -2436 ,    -303 ,    -434 ,    -502
---  16000 ,   -5528 ,   -3252 ,    6071 ,   -3360 ,     733
  15892 ,   -6184 ,   -3952 ,    3765 ,   -1719 ,     158
  23784 ,    6488 ,   13932 ,  -32768 ,    7361 ,   18688
  11484 ,   -9120 ,   -6728 ,    1920 ,    5473 ,     813
  13824 ,   -5228 ,   -7704 ,    2904 ,    -460 ,   -2966
  17752 ,   -1236 ,   -6012 ,   32767 ,    3571 ,  -19271
  16228 ,   -4184 ,   -1120 ,   -2038 ,    -230 ,     368
  16564 ,   -4240 ,   -3996 ,    -997 ,     295 ,    -736
  16448 ,   -3804 ,   -3420 ,    -830 ,    -179 ,     143
  16584 ,   -4004 ,   -3644 ,    -819 ,    -160 ,      93
---  16324 ,   -6708 ,   -7972 ,    1409 ,    1456 ,   -5258
  14416 ,   -5232 ,   -9796 ,    2444 ,    -342 ,   -2638
  13620 ,   -5348 ,   -8820 ,    2492 ,    -423 ,   -1374
  14664 ,   -4724 ,   -1956 ,   32767 ,   -3247 ,  -18205
  17864 ,   -3616 ,   -1444 ,   16045 ,     158 ,   -4053
  16496 ,   -3468 ,   -3740 ,   -1933 ,      54 ,      64
  16480 ,   -3228 ,   -4484 ,    -591 ,    -263 ,    -104
  16392 ,   -3236 ,   -4468 ,   -1906 ,    -651 ,     297
  16180 ,   -3308 ,   -4556 ,   -1191 ,    -100 ,     246
  16240 ,   -3284 ,   -4876 ,    -531 ,    -181 ,      10
---  16132 ,   -3696 ,   -4864 ,    -147 ,      87 ,      53
  15812 ,   -3984 ,   -4796 ,    6567 ,   -3489 ,     776
  14740 ,   -4412 ,   -3560 ,   28694 ,  -21646 ,    8154
   6976 ,     680 ,  -13844 ,  -32768 ,   16103 ,   32767
  16508 ,   -5608 ,   -9720 ,   -1469 ,     711 ,      14
  13556 ,   -4332 ,  -10660 ,   10432 ,   -1779 ,   -7841
  14744 ,   -4616 ,   -7728 ,    4498 ,   -1850 ,   -3917
  16312 ,   -3080 ,   -7372 ,   27837 ,     -75 ,  -11782
  16840 ,   -3180 ,    -256 ,    3261 ,    1600 ,   -1355
  16440 ,   -3152 ,   -3528 ,    -792 ,    -254 ,     -37
---  16108 ,   -3248 ,   -6232 ,   30326 ,   -8899 ,   -4869
  15340 ,   -4396 ,   -3260 ,   -3799 ,   -4961 ,    3941
  12536 ,   11272 ,  -22128 ,  -32768 ,    1809 ,   32767
  13740 ,   -5248 ,   -9212 ,     702 ,   -1194 ,   -5492
  13808 ,   -4380 ,   -9604 ,    1495 ,    1590 ,   -1630
  13676 ,   -3400 ,   -9204 ,    9156 ,   -1610 ,  -10217
  15048 ,    -504 ,   -8352 ,   32767 ,   -3571 ,  -22228
  15636 ,   -4212 ,   -5384 ,   -1304 ,      51 ,     -70
  15776 ,   -4336 ,   -5800 ,    -487 ,    -100 ,    -214
  15788 ,   -3980 ,   -6068 ,    -401 ,      27 ,    -174
---  15144 ,   -5064 ,   -6416 ,     577 ,   -1304 ,    -223
  16492 ,   -3440 ,   -4072 ,  -32768 ,     225 ,   12321
   6856 ,   -2948 ,  -13104 ,  -10084 ,   -2399 ,    6459
  10924 ,   -7388 ,   -8136 ,    2527 ,    2063 ,   -8067
  12968 ,   -6460 ,   -9384 ,    -285 ,    -124 ,     369
  14328 ,    1168 ,   -7736 ,   32767 ,  -12644 ,  -32768
  16260 ,   -2536 ,   -2312 ,    6728 ,     117 ,   -6030
  16708 ,   -2828 ,   -3640 ,    1769 ,    -747 ,   -1131
  16716 ,   -2576 ,   -3476 ,     -29 ,      70 ,    -243
  16736 ,   -2504 ,   -3644 ,    -175 ,    -173 ,    -403
---  16280 ,   -4408 ,   -4276 ,    1960 ,   -2173 ,     666
  16092 ,   -4300 ,   -4588 ,      22 ,    -995 ,     -87
  15928 ,   -4408 ,   -4128 ,    4505 ,   -1847 ,   -3059
  10196 ,    5084 ,  -17604 ,  -31720 ,    -864 ,   32767
  11272 ,   -4036 ,  -13416 ,    1051 ,    2759 ,   -3499
  13152 ,   -3320 ,  -12408 ,    5345 ,     411 ,   -3748
  13248 ,   -2000 ,  -12004 ,   32767 ,   -5540 ,  -30406
  17080 ,   -2324 ,   -1760 ,    7861 ,    3113 ,   -5852
  16412 ,   -2772 ,   -3520 ,      96 ,    -170 ,     -90
  16768 ,   -2272 ,   -3932 ,    -801 ,      19 ,     303
---  16260 ,   -3048 ,   -4096 ,    4041 ,    -432 ,   -1057
  16552 ,   -2484 ,   -5088 ,   -5565 ,   -3972 ,    3190
  19228 ,    1608 ,   -9836 ,  -32768 ,    3234 ,   32767
  12032 ,   -1988 ,  -13708 ,    -205 ,    6365 ,    4912
  12944 ,   -3096 ,  -11604 ,    2859 ,     576 ,   -1297
  11524 ,   -2952 ,  -11084 ,   16271 ,    -930 ,  -11417
  18636 ,   -3016 ,   -4092 ,   32767 ,    4197 ,  -20460
  16952 ,   -2496 ,   -3264 ,   -1866 ,     127 ,    -420
  16272 ,   -3044 ,   -4744 ,      92 ,     313 ,    -464
  16552 ,   -2828 ,   -5352 ,     -10 ,      93 ,     446
---  15664 ,   -4596 ,   -5756 ,  -12755 ,    -618 ,   -2022
  15844 ,    6044 ,  -16132 ,  -32768 ,    2448 ,   32767
  16064 ,   -5916 ,   -9068 ,   -2525 ,     326 ,   -2220
  14224 ,   -3764 ,  -10068 ,     527 ,     668 ,     333
  13528 ,   -4356 ,   -9176 ,    3583 ,    -513 ,   -4411
  16912 ,    1404 ,   -4180 ,   32767 ,   -4294 ,  -32570
  15996 ,   -2612 ,   -3972 ,    2063 ,    1649 ,   -3865
  16548 ,   -2268 ,   -5108 ,    -238 ,    -211 ,    -233
  16788 ,   -1860 ,   -4448 ,    -211 ,     677 ,    -600
  16448 ,   -1968 ,   -4732 ,     -87 ,    -147 ,     -56
---  16388 ,   -2480 ,   -4436 ,    3384 ,   -3863 ,    1475
  16676 ,   -1396 ,   -6868 ,  -32584 ,  -16622 ,   23939
   2468 ,   -3924 ,  -16396 ,   -2836 ,   11919 ,    7273
  12764 ,   -3704 ,  -11884 ,     989 ,    2459 ,   -2070
  13388 ,   -1036 ,   -9424 ,   32767 ,     681 ,  -31283
  17168 ,   -3644 ,   -3480 ,   18929 ,     643 ,   -6161
  15876 ,   -3828 ,   -6796 ,   -4060 ,    -518 ,     434
  15776 ,   -3796 ,   -6304 ,    -737 ,     250 ,     418
  16088 ,   -3544 ,   -5872 ,    -363 ,     -54 ,    -252
  16304 ,   -3472 ,   -5768 ,   -1780 ,      42 ,     360
---  15716 ,   -4500 ,   -5264 ,    4208 ,    -809 ,    -408
  15044 ,   -5236 ,   -5232 ,    3662 ,   -3183 ,     457
  23648 ,   18692 ,  -17340 ,  -32768 ,   29204 ,   32767
  11652 ,   -2852 ,  -14664 ,   -4183 ,    3123 ,     549
  11640 ,   -4496 ,   -9876 ,    1286 ,    1195 ,   -3968
  14792 ,   -4536 ,   -8256 ,    2072 ,    2280 ,   -2980
  12112 ,     992 ,  -11852 ,   32767 ,   -7636 ,  -32768
  15936 ,   -3540 ,   -3660 ,     113 ,    1554 ,    -981
  16276 ,   -3204 ,   -4996 ,     256 ,     531 ,   -1186
  16244 ,   -2940 ,   -4468 ,     329 ,     129 ,    -262
---  15896 ,   -3556 ,   -4660 ,     654 ,      57 ,    -389
  16196 ,   -3536 ,   -4624 ,      35 ,     283 ,    -113
  16404 ,   -2428 ,   -3536 ,    5687 ,   -5989 ,   -1575
  21040 ,     980 ,    6700 ,  -32768 ,  -20813 ,   29965
  10476 ,   -7172 ,  -11720 ,      44 ,    4844 ,   -3966
  13256 ,   -3508 ,  -11196 ,     973 ,    1546 ,    1141
  13304 ,   -2284 ,  -12700 ,   12471 ,     719 ,   -8946
  16228 ,   -2772 ,   -5152 ,   29598 ,    -248 ,  -12591
  16200 ,   -3348 ,   -4796 ,    5816 ,    1721 ,   -3449
  16344 ,   -3284 ,   -4816 ,     347 ,     -10 ,    -471
---  15772 ,   -4008 ,   -5340 ,    2349 ,   -3185 ,     -29
  19608 ,   -4072 ,    5644 ,  -32768 ,     936 ,   32767
   8816 ,   -3292 ,  -13092 ,   -8453 ,    3491 ,   11759
  12936 ,   -3980 ,  -11644 ,    1262 ,     914 ,   -2107
  13952 ,   -3724 ,  -11540 ,    4481 ,    -619 ,   -2819
  13672 ,   -4612 ,   -9988 ,    8747 ,    2034 ,   -5382
  17100 ,   -4296 ,   -2304 ,   19657 ,    3650 ,   -8898
  16324 ,   -3364 ,   -4916 ,     650 ,    -177 ,    -516
  16252 ,   -3344 ,   -4268 ,     325 ,     267 ,    -298
  16512 ,   -3120 ,   -4368 ,     116 ,    -210 ,    -247
---  16044 ,   -3760 ,   -4996 ,     488 ,    -142 ,     336
  16072 ,   -3980 ,   -5112 ,     -36 ,      32 ,    -148
  22416 ,    -916 ,   10856 ,  -32768 ,  -10059 ,   32767
   5404 ,   -3240 ,  -11864 ,   -9239 ,      34 ,    6657
  11728 ,   -4316 ,  -11812 ,    2035 ,    1634 ,   -1062
  14968 ,   -2816 ,  -11356 ,   32767 ,   -3517 ,  -26935
  14836 ,   -5468 ,   -4736 ,    9760 ,     898 ,   -6680
  16152 ,   -4424 ,   -3240 ,     661 ,    -142 ,   -1261
  15992 ,   -4240 ,   -4268 ,    -365 ,    -206 ,     -92
  16296 ,   -4116 ,   -4408 ,    -381 ,    -167 ,     -82
---  15656 ,   -5368 ,   -5184 ,    1852 ,   -3991 ,     858
  15420 ,   -5536 ,   -5816 ,     -35 ,     -68 ,    -252
  14896 ,   -5712 ,   -4636 ,    3628 ,   -4252 ,    -857
  13580 ,    5376 ,  -20348 ,  -32768 ,    4996 ,   32767
  12236 ,   -4104 ,  -11356 ,      76 ,    1704 ,   -2058
  12364 ,   -3348 ,  -11304 ,    6197 ,    -617 ,   -4736
  15800 ,   -2856 ,   -7508 ,   32767 ,    6561 ,  -19681
  16440 ,   -4108 ,   -4460 ,    4400 ,     524 ,   -2271
  15996 ,   -4168 ,   -5284 ,    -381 ,      43 ,      13
  15832 ,   -4096 ,   -5512 ,    -389 ,    -240 ,      62
---  15716 ,   -4748 ,   -5816 ,     554 ,    -220 ,     412
  15632 ,   -5548 ,   -5140 ,    4277 ,   -1069 ,     979
  15652 ,   -5176 ,   -4656 ,    3303 ,   -6964 ,    2216
  13128 ,    2364 ,  -15316 ,  -32768 ,   16200 ,   32767
  13508 ,   -3900 ,  -12136 ,    -423 ,    1013 ,   -1875
  12696 ,   -3200 ,  -12944 ,    7854 ,   -1538 ,   -5062
  14060 ,   -3324 ,   -8720 ,   32767 ,   -2103 ,  -21510
  16608 ,   -4936 ,   -4020 ,   15081 ,    3774 ,   -7030
  16536 ,   -3864 ,   -4084 ,     376 ,    -574 ,    -670
  16284 ,   -3668 ,   -4072 ,    -157 ,     -94 ,    -290
---  16000 ,   -4680 ,   -4452 ,      45 ,    -196 ,      50
  15808 ,   -4700 ,   -4036 ,    3893 ,   -1058 ,     259
  16284 ,   -3312 ,   -2484 ,   -5690 ,   -5314 ,    3503
  10036 ,     572 ,  -13296 ,  -16093 ,   -2270 ,   24168
  13892 ,   -2508 ,  -12548 ,     760 ,    1579 ,   -2628
  12364 ,   -2480 ,  -13000 ,    5192 ,    1114 ,   -2389
  13676 ,   -1128 ,   -9888 ,   32767 ,   -3738 ,  -32575
  15224 ,   -4604 ,   -4596 ,    2555 ,    -227 ,   -3580
  15548 ,   -4688 ,   -5776 ,    -783 ,    -307 ,     111
  15840 ,   -4484 ,   -5628 ,    -483 ,      14 ,     247
---  16644 ,    4204 ,  -15312 ,  -32768 ,   17065 ,   32767
   8704 ,   -6128 ,  -11632 ,   -1761 ,    4722 ,    4524
  12128 ,   -4456 ,  -11264 ,     -73 ,     114 ,      70
   9608 ,   -1660 ,  -17940 ,   27521 ,   -5362 ,  -18907
  15636 ,   -5436 ,   -4812 ,   19753 ,    2925 ,   -9707
  16388 ,   -4068 ,   -4444 ,    2375 ,    1041 ,   -1632
  16472 ,   -3992 ,   -4468 ,      53 ,     182 ,    -473
  16384 ,   -3944 ,   -4476 ,    -564 ,      31 ,     127
  16100 ,   -3916 ,   -4844 ,     651 ,   -1390 ,    -232
  15972 ,   -4004 ,   -4696 ,    -574 ,     -43 ,     240
---  17392 ,  -11304 ,   11280 ,  -32768 ,  -14094 ,   30234
  15732 ,    2416 ,  -14348 ,  -20958 ,   -4238 ,    1139
  13244 ,   -3016 ,  -12588 ,     860 ,     732 ,    2204
  12788 ,   -2412 ,  -11852 ,   24394 ,   -1830 ,  -16438
  15624 ,   -3560 ,   -5888 ,   32767 ,    1657 ,  -17452
  15456 ,   -4412 ,   -6508 ,     771 ,    -256 ,    -926
  15348 ,   -4212 ,   -6196 ,      11 ,      57 ,    -461
  15720 ,   -4144 ,   -6000 ,      30 ,      43 ,       5
  15652 ,   -4100 ,   -6000 ,    -173 ,     -29 ,     -33
  15768 ,   -4112 ,   -6216 ,    -458 ,      44 ,      26
---  15928 ,   -4336 ,   -6088 ,     540 ,     342 ,     469
  15432 ,   -3688 ,   -3760 ,   20712 ,   -6517 ,   -4278
  16556 ,   -1128 ,   -4472 ,  -32768 ,  -15200 ,   32767
  12136 ,   -7452 ,  -11128 ,      65 ,    5145 ,   -5751
  14052 ,   -4568 ,  -10544 ,    2031 ,     242 ,   -1979
  12612 ,   -1248 ,  -14272 ,   32767 ,   -6031 ,  -31536
  16656 ,   -3764 ,   -1236 ,    6656 ,    3097 ,   -3079
  16836 ,   -3480 ,   -3508 ,    -878 ,     189 ,     198
  16692 ,   -3332 ,   -3628 ,    -506 ,    -166 ,     133
  16644 ,   -3348 ,   -3632 ,    -457 ,     -27 ,    -205
---  20496 ,   -1480 ,  -18876 ,  -32768 ,   21505 ,   32767
  14084 ,   -5972 ,   -8524 ,   -1424 ,    1381 ,   -2241
  13432 ,   -4492 ,   -7348 ,    6370 ,    -555 ,   -5079
  13864 ,   -2828 ,  -11448 ,   32741 ,   -2094 ,  -14429
  16564 ,   -3616 ,   -2468 ,   14371 ,     332 ,   -6140
  16240 ,   -3824 ,   -4792 ,    -395 ,     -95 ,       3
  16092 ,   -3872 ,   -5204 ,   -2559 ,    -482 ,     794
  15876 ,   -3896 ,   -5408 ,   -1974 ,    -875 ,     154
  15956 ,   -3796 ,   -5376 ,    -244 ,    -743 ,    -307
  15956 ,   -3720 ,   -5632 ,    -416 ,     173 ,       2
---  13900 ,   -5992 ,   -7328 ,     610 ,    1368 ,   -1770
  14832 ,   -4412 ,   -9248 ,    3743 ,    -420 ,   -1945
  15100 ,   -4208 ,   -3152 ,   32690 ,   -8230 ,  -17731
  16456 ,   -3856 ,   -6644 ,    6489 ,    7017 ,    1492
  16112 ,   -3904 ,   -4664 ,    -240 ,     226 ,    -371
  16176 ,   -4204 ,   -5684 ,   -1110 ,    -183 ,     316
  15480 ,   -4272 ,   -5296 ,     -75 ,    -223 ,    -699
  16228 ,   -3932 ,   -5488 ,     684 ,      71 ,    -634
  15548 ,   -3952 ,   -5808 ,     354 ,    -477 ,     -74
  16660 ,   -3744 ,   -5316 ,     354 ,     214 ,    -592
---  14860 ,   -4768 ,   -4420 ,   11228 ,  -13747 ,    -315
  13124 ,   -7132 ,   -9096 ,   -5039 ,   -1550 ,    2078
  10964 ,   22480 ,  -27540 ,  -32768 ,   -8455 ,   32767
  11588 ,   -5092 ,  -11952 ,    1847 ,    3405 ,   -3579
  12852 ,   -5760 ,  -10716 ,    3209 ,    -779 ,   -3021
  14720 ,   -4384 ,   -8552 ,   32767 ,   -2938 ,  -18744
  15828 ,   -4580 ,   -3576 ,     176 ,      66 ,    -900
  16160 ,   -4580 ,   -5012 ,    -269 ,      60 ,    -380
  16128 ,   -4232 ,   -4572 ,    -639 ,    -320 ,    -376
  15792 ,   -4260 ,   -4660 ,    -101 ,     -74 ,     -34
---  15804 ,   -4960 ,   -5068 ,    1002 ,    -886 ,     654
  16036 ,   -4432 ,   -2828 ,    6672 ,    -431 ,   -2487
  13700 ,    3964 ,  -15028 ,  -32768 ,    7739 ,   32767
  15480 ,   -4856 ,   -9908 ,     362 ,    1368 ,   -2266
  16144 ,   -1224 ,   -7636 ,   32767 ,   -3319 ,  -28018
  15824 ,   -3760 ,   -2640 ,    1916 ,     667 ,   -1584
  16100 ,   -3788 ,   -4236 ,     293 ,      32 ,    -418
  15976 ,   -3676 ,   -3888 ,     401 ,    -152 ,    -264
  16344 ,   -3648 ,   -4256 ,     -54 ,       3 ,    -121
  16572 ,   -3628 ,   -4244 ,    -271 ,    -103 ,     -93
---  16464 ,   -3552 ,   -4516 ,    -350 ,       3 ,     -76
  16028 ,   -3852 ,   -4868 ,    4290 ,      16 ,    -532
  16768 ,   -2824 ,   -2716 ,   16488 ,   -8659 ,   -1611
  10152 ,    5020 ,  -15108 ,  -32768 ,    9336 ,   32767
  12984 ,   -4136 ,  -12752 ,   -2334 ,       7 ,   -3575
  11948 ,   -2608 ,  -12928 ,    6477 ,    1154 ,   -5242
  16780 ,   -2396 ,   -7696 ,   32767 ,     569 ,  -16734
  16276 ,   -3680 ,   -4332 ,     636 ,      94 ,   -1605
  16096 ,   -3992 ,   -4588 ,    -950 ,    -214 ,     259
  16080 ,   -4036 ,   -4816 ,    -152 ,    -180 ,    -206
---  16268 ,   -3916 ,   -5084 ,    1479 ,     470 ,      24
  16612 ,   -4068 ,   -4080 ,    7910 ,     297 ,    -425
  18444 ,   -1304 ,    -596 ,   14681 ,   -7812 ,   -2080
   4040 ,    9376 ,  -19356 ,  -32768 ,   -5892 ,   32767
  12572 ,   -5552 ,  -14108 ,    -273 ,    2548 ,   -3233
  13104 ,   -3160 ,  -13696 ,   23672 ,    5257 ,  -16857
  15640 ,   -4544 ,   -3092 ,   18964 ,    3272 ,   -8189
  16672 ,   -3256 ,   -1624 ,    2451 ,     523 ,   -1731
  16540 ,   -3340 ,   -2236 ,     151 ,    -306 ,    -614
  16836 ,   -3092 ,   -2112 ,     243 ,     135 ,    -399
---  16688 ,   -1920 ,    5548 ,  -32768 ,   -4302 ,   31686
   4628 ,   -2492 ,  -16240 ,   -5560 ,    -847 ,   24965
  11044 ,   -4916 ,  -13764 ,    -485 ,    2297 ,     990
  11300 ,   -4640 ,  -14004 ,    7405 ,    3023 ,   -6578
  13816 ,   -4084 ,  -12628 ,   16907 ,    5765 ,  -10625
  17144 ,   -3376 ,     576 ,   28154 ,    5151 ,  -10722
  17276 ,   -3216 ,    -372 ,   -1072 ,    -590 ,    -721
  17448 ,   -3112 ,   -1956 ,   -1205 ,   -1916 ,     216
  16068 ,   -3412 ,   -2572 ,      60 ,    -829 ,    -973
  17184 ,   -2844 ,   -3352 ,    -501 ,   -1384 ,   -1306
---  17244 ,   -2408 ,    -792 ,    9336 ,   -1607 ,    -706
  17948 ,   -1252 ,      32 ,   11314 ,   -4530 ,   -1203
  16848 ,   -2488 ,     292 ,   -2823 ,   -4310 ,    2589
  10212 ,   14268 ,  -24612 ,  -32768 ,  -20627 ,   32767
  16516 ,   -7432 ,  -13364 ,   -5169 ,    1058 ,      90
  11668 ,   -4908 ,  -11976 ,    1998 ,     649 ,   -2005
  14704 ,   -3076 ,  -11620 ,   30654 ,   -1386 ,  -20839
  17528 ,   -2500 ,   -3000 ,   25495 ,   -3382 ,  -10193
  15484 ,   -4764 ,   -6096 ,    -864 ,   -1106 ,     256
  15648 ,   -4584 ,   -6120 ,    -245 ,     793 ,    -843
---  16120 ,   -3512 ,   -5248 ,     889 ,     707 ,    -660
  15932 ,   -3992 ,   -5312 ,      48 ,     112 ,    -631
  17484 ,    3080 ,    6168 ,  -32768 ,   -6453 ,   32767
   6580 ,    1376 ,  -14860 ,  -16189 ,    6723 ,    4542
  14172 ,   -2072 ,   -9284 ,     -45 ,     294 ,     920
  14680 ,   -2468 ,  -10040 ,     495 ,   -2689 ,     629
  14048 ,   -2144 ,   -8168 ,   10610 ,    1913 ,   -8492
  18444 ,   -2456 ,   -1808 ,   32767 ,    3375 ,  -11028
  16920 ,   -3036 ,   -4028 ,    -173 ,     768 ,   -1521
  16544 ,   -2936 ,   -4156 ,    -445 ,     -56 ,    -406
---  16472 ,   -3176 ,   -4260 ,    -445 ,      79 ,     355
  16980 ,   -3412 ,   -4500 ,    1178 ,     192 ,     543
  19196 ,    7072 ,   -2676 ,  -32768 ,   -9342 ,   32767
  14696 ,   -2868 ,  -14676 ,   -4203 ,    4503 ,    -370
  12308 ,   -2392 ,  -11376 ,    1634 ,    -395 ,    -696
  10856 ,    -500 ,  -14000 ,   31330 ,     259 ,  -19913
  15776 ,   -4940 ,   -3040 ,   17630 ,    3161 ,   -7588
  16332 ,   -3416 ,   -5276 ,    -323 ,     844 ,    -485
  16212 ,   -3164 ,   -5056 ,    -367 ,     328 ,     230
  16140 ,   -3192 ,   -5268 ,    -810 ,     205 ,     221
---  16204 ,   -3328 ,   -4868 ,    -203 ,      22 ,     346
  16636 ,   -3264 ,   -5176 ,      61 ,    -544 ,    -245
  15952 ,   -4496 ,   -5516 ,    4356 ,   -1490 ,    2335
  17496 ,   -3880 ,     876 ,     294 ,   -2561 ,    3570
   8052 ,    4312 ,  -19308 ,  -20815 ,     660 ,   27104
  13564 ,   -2928 ,  -12796 ,    -133 ,    -304 ,    -710
  12480 ,   -2916 ,  -10760 ,   16169 ,    3743 ,  -12484
  16544 ,   -5444 ,   -3252 ,   21326 ,    2729 ,  -10692
  16616 ,   -3388 ,   -5852 ,     600 ,     780 ,   -1396
  16068 ,   -3660 ,   -5328 ,     -86 ,     231 ,    -418
---  15188 ,   -4592 ,   -4672 ,     124 ,    -797 ,     -67
  15924 ,   -4356 ,   -4556 ,    -339 ,      40 ,     -50
  15484 ,   -5636 ,   -6332 ,   -4633 ,    2011 ,   10293
  13872 ,    3064 ,   -1924 ,  -32768 ,    4764 ,   32767
  10716 ,   -1636 ,  -17440 ,   -3185 ,    7477 ,    6261
  11924 ,   -4512 ,  -11304 ,    1430 ,     274 ,   -1183
  12064 ,   -3464 ,  -13172 ,    4255 ,     360 ,   -4140
  18008 ,   -2144 ,   -2664 ,   32767 ,    -657 ,  -22558
  16512 ,   -4192 ,   -3128 ,    2632 ,    -449 ,   -2795
  15976 ,   -4548 ,   -3700 ,      -5 ,      10 ,    -524
---  16180 ,   -6244 ,   -2656 ,   11896 ,   -3641 ,    2379
  15104 ,   -6288 ,   -1272 ,    4906 ,   -3505 ,     556
  18600 ,     180 ,  -12792 ,  -32768 ,    6591 ,   32767
   6644 ,   -6280 ,  -15640 ,   -8683 ,    9670 ,    3849
  11244 ,   -4400 ,  -13544 ,    4195 ,    1659 ,   -3598
  13956 ,   -5400 ,   -8724 ,   32074 ,    1971 ,  -17364
  16168 ,   -5596 ,   -5152 ,   20854 ,    1317 ,  -10919
  16664 ,   -4744 ,   -3364 ,     668 ,    -192 ,   -1431
  15704 ,   -4760 ,   -4756 ,    1923 ,    -343 ,   -1080
  15812 ,   -4516 ,   -4404 ,    -270 ,    -265 ,    -137
---  16384 ,   -5092 ,   -4124 ,   10346 ,   -3275 ,     358
  15632 ,   -6164 ,   -2368 ,    8487 ,   -2833 ,     377
  17736 ,   -3908 ,    5224 ,  -32768 ,   -2250 ,   32767
   3620 ,     188 ,  -18004 ,   -8765 ,     193 ,   29458
  13068 ,   -3340 ,  -12604 ,     248 ,    1123 ,    -701
  11664 ,   -3044 ,  -13168 ,   10668 ,    -608 ,   -8031
  15352 ,   -4964 ,   -6644 ,   13484 ,    1856 ,   -8902
  16084 ,   -3920 ,   -4616 ,   18104 ,    5296 ,  -10443
  16604 ,   -3248 ,   -4208 ,      83 ,     508 ,    -102
  16116 ,   -3360 ,   -4844 ,    -943 ,    -313 ,     236
---  16228 ,   -3460 ,   -4192 ,    -294 ,      19 ,     -86
  16440 ,   -3380 ,   -4700 ,    -253 ,      12 ,    -116
  16436 ,   -3396 ,   -4544 ,    -156 ,     169 ,    -135
  16600 ,   -3304 ,   -4544 ,    -222 ,    -102 ,    -266
  16128 ,   -3436 ,   -4424 ,    -435 ,    -119 ,      46
  16224 ,   -3428 ,   -4492 ,    -318 ,      34 ,     -29
  16280 ,   -3584 ,   -4468 ,    -430 ,      93 ,      99
  16048 ,   -3464 ,   -4368 ,    -406 ,    -115 ,      35
  16228 ,   -3404 ,   -4652 ,    -514 ,     106 ,     158
  16208 ,   -3580 ,   -4756 ,    -343 ,    -102 ,       9
---  11572 ,   -2428 ,  -12824 ,    1570 ,     542 ,   -1128
  11492 ,   -2616 ,  -13348 ,    2091 ,     120 ,   -1730
  11732 ,   -2788 ,  -12928 ,    2571 ,    1693 ,   -2932
  14264 ,    -312 ,  -10076 ,   32767 ,   -2283 ,  -32347
  16516 ,   -2868 ,   -2952 ,     -21 ,     536 ,   -3136
  16052 ,   -3656 ,   -5284 ,     -44 ,     528 ,    -470
  16400 ,   -3184 ,   -5308 ,    -430 ,     145 ,    -272
  16092 ,   -3224 ,   -5040 ,    -377 ,    -131 ,     -60
  16312 ,   -3192 ,   -5140 ,    -299 ,      97 ,    -216
  16444 ,   -3140 ,   -5192 ,    -309 ,     -30 ,     -64
---   3720 ,   -3788 ,  -15004 ,   -2803 ,    8220 ,    9286
  11560 ,   -2272 ,  -12540 ,     485 ,     252 ,    1091
  12080 ,   -2896 ,  -12548 ,     884 ,     302 ,     -83
  12384 ,   -2704 ,  -12464 ,     989 ,     501 ,   -1428
  12908 ,   -2284 ,  -13256 ,    4723 ,     780 ,   -5666
  15008 ,   -1524 ,   -7432 ,   32767 ,   -3446 ,  -26509
  16688 ,   -2516 ,   -4148 ,     401 ,     516 ,   -2724
  16100 ,   -2640 ,   -5480 ,     123 ,      44 ,    -470
  16440 ,   -2444 ,   -5564 ,     337 ,     -72 ,    -643
  16012 ,   -2492 ,   -5428 ,    -114 ,     -53 ,    -262
---  16152 ,   -4348 ,   -4244 ,    1617 ,      -7 ,    -710
  16500 ,   -2620 ,   -3884 ,   -9828 ,   -1930 ,    4617
  17796 ,   14880 ,  -15132 ,  -32768 ,  -17688 ,   32767
  12440 ,   -5308 ,  -15068 ,    4274 ,    4788 ,   -3517
  11248 ,   -2768 ,  -12048 ,    2897 ,    1756 ,   -1064
  11440 ,   -2224 ,  -12916 ,    2207 ,    1404 ,   -1799
  13644 ,    2796 ,   -8576 ,   32767 ,      23 ,  -32768
  15668 ,   -4188 ,   -5084 ,    5293 ,     610 ,   -3722
  15976 ,   -4100 ,   -4948 ,     -87 ,    -139 ,    -240
  16124 ,   -3736 ,   -5176 ,    -435 ,     -19 ,    -370
---  16092 ,   -3784 ,   -5312 ,   11565 ,    -947 ,   -1345
  15540 ,   -4668 ,   -5200 ,     862 ,    -288 ,    -483
  21340 ,     144 ,   14564 ,  -32768 ,  -12942 ,   27355
   -176 ,    4340 ,  -23484 ,   -5140 ,   -5350 ,   18668
  13036 ,   -2264 ,  -12956 ,    2655 ,    2503 ,     319
  12480 ,   -1008 ,  -14452 ,   10931 ,    1539 ,  -11534
  15240 ,   -1080 ,   -7140 ,   32767 ,     932 ,  -21547
  15884 ,   -3392 ,   -4344 ,     -25 ,    1013 ,   -1652
  15940 ,   -3572 ,   -5216 ,    -460 ,     289 ,    -203
  16012 ,   -3276 ,   -5232 ,     -79 ,    -635 ,     -68
---  16204 ,   -3720 ,   -2560 ,   13041 ,   -1245 ,   -1519
  16132 ,   -4040 ,   -3340 ,   -6023 ,   -1007 ,     683
  15468 ,   11568 ,  -16148 ,  -32768 ,   -4308 ,   32767
  15684 ,   -5772 ,  -10320 ,     519 ,     924 ,    -348
  13680 ,   -5240 ,   -8884 ,    7702 ,       1 ,   -6004
  14464 ,   -3004 ,   -5196 ,   32767 ,    -688 ,  -20954
  16388 ,   -3612 ,   -2972 ,   11396 ,    2729 ,   -6717
  16320 ,   -3040 ,   -4996 ,    1920 ,   -1164 ,   -1225
  17068 ,   -2232 ,   -4484 ,     607 ,      -2 ,    -737
  16420 ,   -2332 ,   -4404 ,     535 ,     488 ,     -66
---  16364 ,     104 ,   -3608 ,   11037 ,   -2477 ,   -7155
  20000 ,   23768 ,  -26372 ,  -32768 ,   -1146 ,   32767
  17232 ,   -3732 ,  -10692 ,    1260 ,    2351 ,   -8015
  13288 ,   -3008 ,  -10836 ,    6102 ,     349 ,   -5497
  15064 ,   -3824 ,  -11976 ,   22536 ,    1341 ,   -9751
  15988 ,   -4096 ,   -3600 ,   15415 ,    2993 ,   -8536
  15684 ,   -4092 ,   -5116 ,    -748 ,    -771 ,     -66
  16380 ,   -3684 ,   -5372 ,      67 ,     333 ,    -455
  16092 ,   -3664 ,   -5320 ,    -102 ,    -247 ,    -475
  16100 ,   -3540 ,   -5360 ,    -331 ,    -223 ,     131
---  16272 ,   -3836 ,   -5148 ,    2406 ,    -979 ,    -450
  15840 ,   -3728 ,   -4768 ,    6330 ,     513 ,   -2454
  17864 ,    -628 ,   -1196 ,    7042 ,   -5128 ,   -2220
   1132 ,   14932 ,  -28452 ,  -32768 ,   12378 ,   32767
  14796 ,   -3200 ,  -13444 ,    3730 ,    2410 ,   -9411
  12240 ,   -2920 ,  -11380 ,    8129 ,    1066 ,   -7222
  14492 ,   -3032 ,  -11312 ,   15042 ,    5645 ,  -11661
  16880 ,   -2684 ,   -3092 ,   21292 ,    5529 ,  -10656
  16304 ,   -3232 ,   -5132 ,   -1373 ,    -282 ,     107
  16112 ,   -3280 ,   -5048 ,    -401 ,    -282 ,       7
---  16436 ,   -3008 ,   -6532 ,   25998 ,   -1014 ,   -3170
  15188 ,   -5116 ,   -2544 ,  -14285 ,   -1792 ,    5690
  -4064 ,   14448 ,  -27864 ,  -28750 ,  -16375 ,   32767
  15808 ,   -3504 ,  -11932 ,    1257 ,     561 ,   -2480
  12568 ,   -2220 ,  -12256 ,    1958 ,    -218 ,   -2818
  12604 ,     212 ,  -14268 ,   32767 ,   -1922 ,  -26522
  15384 ,   -5280 ,   -4632 ,    5567 ,     992 ,   -3507
  16692 ,   -3860 ,   -5260 ,   -3138 ,    -129 ,    1309
  15412 ,   -4296 ,   -6964 ,    1913 ,     232 ,   -1531
  16000 ,   -4196 ,   -6428 ,    -462 ,      14 ,      14
---  16096 ,   -4336 ,   -5516 ,    9705 ,     671 ,   -2049
  16732 ,   -3240 ,   -3912 ,    4304 ,   -2021 ,   -1974
  16396 ,    -656 ,    9020 ,  -32768 ,   -3811 ,   32767
  11852 ,   -4140 ,   -8792 ,   -5586 ,   -3380 ,   -9835
  16636 ,   -3688 ,   -9148 ,    1385 ,      89 ,    -391
  13824 ,   -1564 ,  -10904 ,    6637 ,   -6234 ,   -7811
  16660 ,   -2380 ,   -5584 ,   32767 ,    5931 ,  -14737
  16548 ,   -1504 ,   -3232 ,    -915 ,     550 ,    -177
  16480 ,   -1728 ,   -5312 ,   -1095 ,     595 ,     172
  16372 ,   -1768 ,   -5272 ,    -322 ,     238 ,    -388
---  16652 ,   -3416 ,   -2704 ,   23486 ,   -3051 ,   -4200
  17692 ,    -688 ,   -2360 ,  -18213 ,   -8761 ,    5288
  -1004 ,    1636 ,  -23008 ,   -6227 ,    3444 ,   11330
  15864 ,   -3056 ,   -9344 ,    1528 ,      99 ,   -1720
  13992 ,   -2484 ,  -11068 ,    4579 ,     315 ,   -4644
  14136 ,   -2096 ,   -9068 ,   29949 ,   -4661 ,  -16083
  15184 ,   -1368 ,  -10340 ,   26483 ,     286 ,  -10708
  16048 ,   -3064 ,   -4448 ,    1821 ,     848 ,   -1946
  16116 ,   -2916 ,   -5664 ,    -209 ,     125 ,    -787
  16320 ,   -3016 ,   -6012 ,    -845 ,    -564 ,     543
---  15752 ,   -3988 ,   -1180 ,   32767 ,   -1471 ,  -15945
  17000 ,   -1808 ,   -4164 ,   19054 ,   -4789 ,    -168
   3800 ,   12480 ,  -28324 ,  -32768 ,   17838 ,   32767
  11108 ,   -2928 ,  -11316 ,    4082 ,    -292 ,   -5452
  16592 ,   -3024 ,   -8508 ,   32767 ,   -4447 ,  -27141
  15716 ,   -4660 ,   -4680 ,    8655 ,    2127 ,   -5005
  16328 ,   -3164 ,   -3984 ,    2695 ,    1022 ,   -2475
  16548 ,   -2196 ,   -4512 ,     685 ,    -522 ,    -926
  16596 ,   -2452 ,   -4748 ,    -379 ,    -216 ,    -180
  16268 ,   -2272 ,   -4556 ,    -228 ,    -131 ,    -110
---  15728 ,   -2556 ,   -5136 ,    1438 ,    -197 ,    -406
  15892 ,   -2444 ,   -5520 ,    2967 ,     620 ,    1147
  19700 ,   15048 ,   -5620 ,  -32768 ,   -2233 ,   32767
  13620 ,   -5264 ,   -8692 ,   -1899 ,    2239 ,     772
  14212 ,   -1772 ,  -10656 ,    2480 ,    -172 ,   -2258
  14668 ,   -1360 ,  -11532 ,   18578 ,    2817 ,   -6997
  17328 ,   -2532 ,   -5932 ,   20466 ,   -2843 ,   -7709
  16712 ,   -1380 ,   -5348 ,    -250 ,    1242 ,     379
  16184 ,   -1948 ,   -5768 ,     157 ,    -109 ,    -175
  16184 ,   -2108 ,   -5568 ,     343 ,     194 ,    -557
---  16272 ,   -1632 ,   -5880 ,    1175 ,   -2439 ,   -1044
  16008 ,   -1848 ,   -6724 ,     451 ,      20 ,     -11
  15764 ,   -1200 ,   -5760 ,   12321 ,     758 ,   -4155
   8852 ,   11368 ,  -19840 ,  -32768 ,     711 ,   32767
  14740 ,   -1876 ,  -10200 ,    1037 ,    1361 ,     251
  14128 ,    -456 ,  -11772 ,   21284 ,     285 ,  -15729
  15640 ,   -1756 ,   -5876 ,   16688 ,    3857 ,   -9166
  16512 ,   -1524 ,   -6532 ,    -510 ,     119 ,      35
  16004 ,   -1668 ,   -6536 ,    -897 ,     166 ,      10
  15828 ,   -1664 ,   -7352 ,      71 ,     194 ,    -318
---  15408 ,   -2984 ,   -5296 ,    7971 ,    2539 ,   -2184
  16632 ,   -2200 ,   -4620 ,    5445 ,    -947 ,   -1414
  15652 ,    7924 ,  -17192 ,  -32768 ,   -7271 ,   32767
  16152 ,   -2492 ,  -12932 ,    1623 ,    2725 ,   -5668
  13108 ,   -1768 ,  -11764 ,    3290 ,     637 ,   -1336
  12064 ,     912 ,  -11276 ,   32767 ,    4906 ,  -32768
  16200 ,   -2484 ,   -5696 ,    1106 ,    4117 ,   -2703
  15752 ,   -2836 ,   -5156 ,    -287 ,     272 ,    -400
  15960 ,   -2460 ,   -5964 ,    -955 ,    -251 ,      46
  15864 ,   -2712 ,   -6524 ,   -1006 ,     -85 ,     130
---  15728 ,   -4268 ,   -6144 ,    1328 ,     607 ,    -812
  16112 ,   -3436 ,   -4492 ,    4482 ,     609 ,   -2457
  21548 ,    7400 ,    8536 ,  -32768 ,  -17401 ,   32767
   3128 ,   -4952 ,  -12960 ,   -1408 ,   11196 ,   11291
  12444 ,   -1968 ,  -12656 ,     406 ,     -74 ,    -562
  12752 ,    -612 ,  -13984 ,   13079 ,    1803 ,  -13327
  16416 ,   -2940 ,   -5208 ,   25248 ,    8221 ,  -14448
  16640 ,   -1656 ,   -5824 ,     148 ,     565 ,   -1062
  16128 ,   -2132 ,   -6676 ,     595 ,   -2581 ,     713
  16004 ,   -2892 ,   -6580 ,    1459 ,   -1670 ,    7371
---  14380 ,   -5616 ,   -7632 ,    3107 ,     465 ,     242
  15332 ,   -4196 ,   -3912 ,    8851 ,    2198 ,   -6676
  12856 ,    4244 ,    1064 ,  -32768 ,   11074 ,   32767
  12124 ,  -10036 ,  -10880 ,    9780 ,   -8098 ,   -9367
  11428 ,   -5744 ,  -10868 ,    -666 ,     646 ,    -523
  13176 ,   -4636 ,  -10536 ,   21567 ,   -3818 ,  -14765
  14764 ,   -5864 ,   -4948 ,   14538 ,    3779 ,  -10808
  16288 ,   -4196 ,   -5484 ,     975 ,     267 ,    -191
  16372 ,   -4064 ,   -4828 ,    -400 ,    1056 ,    -324
  17572 ,   -2928 ,   -2588 ,      49 ,   -3140 ,    4179
---  13816 ,   -6536 ,   -6448 ,    1854 ,    -977 ,   -2866
  14540 ,   -6312 ,   -7820 ,    2552 ,     368 ,     641
  13960 ,   -7280 ,   -8052 ,    3658 ,   -2789 ,    -514
  16488 ,   -3616 ,   -3952 ,  -10514 ,   -6087 ,    6433
  -3324 ,    -596 ,  -21620 ,   -9674 ,   16155 ,   27545
  13820 ,   -1632 ,  -14224 ,     906 ,    1441 ,     433
  12588 ,    -736 ,  -11216 ,   32767 ,   -1461 ,  -32086
  15388 ,   -3524 ,   -7532 ,   13046 ,    -406 ,   -7232
  15236 ,   -3500 ,   -7972 ,    1059 ,    1092 ,   -2209
  15644 ,   -3232 ,   -8068 ,    -212 ,    -375 ,    -398
---  15172 ,   -3476 ,   -7756 ,    1691 ,    -333 ,     345
  16732 ,   -3268 ,   -2052 ,  -15404 ,   -5132 ,   11993
  10760 ,   -3216 ,  -14696 ,  -32768 ,   -2078 ,   27954
   7824 ,   -3688 ,  -14136 ,    1050 ,    9030 ,   -1865
  10672 ,   -2720 ,  -13664 ,    1478 ,     777 ,   -2661
  12228 ,   -2184 ,  -12512 ,    3692 ,     -53 ,   -8864
  13508 ,   -1340 ,  -10856 ,   32767 ,   -1662 ,  -26666
  14868 ,   -3560 ,   -7492 ,    1306 ,     491 ,   -2680
  15052 ,   -3284 ,   -7808 ,    1436 ,     201 ,   -1248
  15288 ,   -3156 ,   -8276 ,    -603 ,    -366 ,      11
---  15104 ,   -5216 ,   -8220 ,   11203 ,     364 ,   -4571
  15324 ,   -5688 ,   -5732 ,    7712 ,     327 ,   -2302
  18416 ,   -2208 ,   -2112 ,    5324 ,   -4814 ,   -1228
    920 ,    6492 ,  -21896 ,  -27962 ,    5968 ,   32767
  16692 ,   -2856 ,  -12848 ,     747 ,    -461 ,   -5817
  13064 ,   -2636 ,  -13104 ,    8192 ,     255 ,   -8599
  13672 ,   -2324 ,  -13360 ,   23883 ,    1400 ,  -12365
  15744 ,   -4620 ,   -5712 ,    6992 ,    1402 ,   -4501
  15848 ,   -3584 ,   -6196 ,    1682 ,      64 ,   -1706
  15680 ,   -3656 ,   -6740 ,     429 ,     286 ,      21
---  15664 ,   -3940 ,   -7376 ,    -793 ,    -388 ,     -85
  15688 ,   -3668 ,   -6916 ,    -436 ,    -179 ,     104
  15228 ,   -3940 ,   -7248 ,     300 ,    -835 ,       5
  16256 ,   -3860 ,   -7964 ,    2210 ,   -1079 ,     550
  19260 ,   -2396 ,    -372 ,   -3180 ,   -8469 ,    4626
   3180 ,   -7260 ,  -15968 ,    -414 ,    7694 ,   22923
  13196 ,   -4240 ,  -12128 ,    1449 ,    1759 ,   -1561
  13168 ,   -2128 ,  -12736 ,    5736 ,    3476 ,   -8347
  12732 ,     292 ,  -14248 ,   32767 ,   -2266 ,  -26733
  14192 ,   -4256 ,   -7340 ,    -265 ,     894 ,   -4383
---  15488 ,   -3184 ,   -7152 ,    -115 ,    -181 ,      58
  16084 ,   -2628 ,   -6864 ,     754 ,    -675 ,     206
  15480 ,   -3120 ,   -6876 ,    -430 ,    -221 ,     -29
  16820 ,   -3376 ,   -5780 ,    -705 ,    5118 ,     273
  15736 ,     584 ,   -6816 ,  -32768 ,  -19239 ,   30544
   4632 ,  -11780 ,  -10736 ,   -1472 ,   -1104 ,  -18616
  11176 ,   -4644 ,  -11856 ,    3508 ,    2566 ,   -5906
  19316 ,    2040 ,   -6440 ,   32767 ,  -15365 ,  -32768
  16868 ,   -1536 ,   -5036 ,     882 ,     684 ,   -2113
  15732 ,   -1992 ,   -6168 ,    -173 ,    -469 ,      17
---  15548 ,   -2072 ,   -7248 ,    1124 ,    -378 ,    -142
  15768 ,   -2188 ,   -7024 ,     879 ,     270 ,     184
  15912 ,   -2336 ,   -6996 ,    1390 ,     133 ,     122
  15152 ,   -3104 ,   -7388 ,    -133 ,    -211 ,      26
  15680 ,   -2860 ,   -6820 ,     566 ,     817 ,      31
  15552 ,   -2640 ,   -6532 ,     455 ,     394 ,    -519
  19052 ,    4648 ,    3088 ,  -32768 ,  -23471 ,   32767
  10156 ,   -7324 ,  -10760 ,    -582 ,    6460 ,  -12271
  11648 ,    -948 ,  -13500 ,    1809 ,     947 ,   -1969
  13404 ,    1732 ,  -12984 ,   32767 ,   -2964 ,  -32768
---  15784 ,   -2788 ,   -7288 ,   -1216 ,      -6 ,     459
  15756 ,   -2948 ,   -7176 ,     248 ,    -118 ,    -173
  15600 ,   -3592 ,   -7972 ,    4847 ,   -1404 ,    1149
  15852 ,   -2840 ,   -4544 ,   12415 ,   -3380 ,   -3654
  14412 ,   -5048 ,   -7184 ,   -3406 ,   -1386 ,    2197
  -1252 ,   -2304 ,  -10980 ,  -11962 ,    5338 ,    9665
  15708 ,   -3760 ,   -9612 ,   -1564 ,    1172 ,      69
  13020 ,   -1360 ,  -13712 ,   15641 ,   -4466 ,  -14237
  16604 ,   -1040 ,   -7324 ,   32767 ,    2077 ,  -21273
  16264 ,   -1476 ,   -5780 ,    1294 ,    -153 ,   -1750
---  15880 ,   -2260 ,   -6996 ,    -108 ,     -87 ,     209
  15564 ,   -2404 ,   -6988 ,     594 ,     108 ,    -166
  16264 ,   -2040 ,   -6024 ,    3479 ,   -1756 ,    1665
   7524 ,    2944 ,  -16928 ,  -15146 ,    2779 ,   19356
  14456 ,   -2676 ,  -11784 ,    1140 ,     578 ,   -1895
  12572 ,    2292 ,   -9852 ,   32767 ,   -5304 ,  -32768
  16200 ,   -2632 ,   -5648 ,    9143 ,     829 ,   -5179
  15956 ,   -2684 ,   -6288 ,    1764 ,     -68 ,   -1295
  15908 ,   -2436 ,   -6328 ,     438 ,     124 ,    -360
  16044 ,   -2388 ,   -6472 ,    -241 ,      40 ,     163
---  15228 ,   -4336 ,   -4696 ,    4019 ,   -1349 ,    1105
  19620 ,    6784 ,  -17960 ,  -32768 ,   17272 ,   32767
  12732 ,   -4468 ,  -10932 ,   -3484 ,    2407 ,     295
  14452 ,   -3648 ,  -10688 ,    -720 ,    -557 ,     581
  15512 ,   -3472 ,   -9336 ,    9192 ,    -283 ,  -10704
  16764 ,   -2008 ,   -6592 ,   32767 ,   -2001 ,  -18682
  15848 ,   -2744 ,   -6400 ,    1963 ,    -271 ,   -1846
  15888 ,   -2804 ,   -6092 ,     172 ,      84 ,    -257
  16028 ,   -2712 ,   -6192 ,    -417 ,    -161 ,    -179
  16056 ,   -2816 ,   -6108 ,    -620 ,      89 ,     133
---  15936 ,   -2916 ,   -6316 ,    -110 ,     178 ,    -299
  15940 ,   -3116 ,   -6288 ,     146 ,       5 ,      79
  15560 ,   -3148 ,   -6388 ,   -2850 ,   -3069 ,    1239
   8128 ,    2564 ,  -16468 ,  -32768 ,    8499 ,   32767
  13664 ,   -2716 ,   -8944 ,    2884 ,     394 ,   -5086
  13648 ,   -3672 ,   -6736 ,    5037 ,   -5150 ,   -3795
  12216 ,    1520 ,  -12200 ,   32767 ,   -3774 ,  -32768
  15912 ,   -2552 ,   -5392 ,    1883 ,     564 ,   -1842
  15652 ,   -2876 ,   -6448 ,    -429 ,    -188 ,     260
  15704 ,   -2864 ,   -6800 ,   -1108 ,      58 ,     445
---  15232 ,   -3884 ,   -6768 ,    5249 ,   -1574 ,    -269
  21736 ,   -2336 ,    4704 ,  -32768 ,   -8769 ,   32767
  14028 ,   -3012 ,  -14008 ,  -10336 ,    9465 ,   11231
  14572 ,   -3960 ,  -10756 ,     551 ,    -301 ,   -3426
  11464 ,     -64 ,  -14632 ,   32767 ,  -12078 ,  -32768
  16800 ,   -3008 ,   -3528 ,    5553 ,    2904 ,   -4951
  15732 ,   -3424 ,   -6212 ,    -302 ,     264 ,     -26
  16324 ,   -3328 ,   -6176 ,    -390 ,    1669 ,     -50
  16100 ,   -3120 ,   -5508 ,     116 ,    -211 ,    -679
  15900 ,   -3236 ,   -5776 ,    -412 ,      69 ,     -27
---  15252 ,   -4112 ,   -6552 ,    3289 ,   -1203 ,   -1165
  21536 ,    3160 ,    2720 ,  -32768 ,   -3250 ,   32767
  20524 ,   -6116 ,   -8716 ,   -2385 ,    5343 ,    2310
  12456 ,   -4104 ,   -9148 ,    6559 ,   -1350 ,   -3450
  16560 ,   -1596 ,   -6628 ,   32767 ,    1989 ,  -21444
  15384 ,   -3532 ,   -5908 ,   -1128 ,    1360 ,   -1001
  16132 ,   -3224 ,   -6028 ,     211 ,      49 ,    -693
  15672 ,   -3172 ,   -5452 ,    -301 ,    2395 ,    -875
  16020 ,   -2680 ,   -5404 ,    -456 ,     291 ,     -66
  16268 ,   -2844 ,   -5304 ,    -370 ,     156 ,     108
---  16260 ,     -88 ,   -6556 ,    3287 ,  -12436 ,   -4320
   5060 ,    7176 ,  -18888 ,  -32768 ,    7299 ,   32767
  13212 ,   -2632 ,  -10492 ,     334 ,    1239 ,    -109
  13564 ,   -1780 ,  -11384 ,    4338 ,     466 ,   -4116
  18812 ,    2372 ,   -5932 ,   32767 ,    1448 ,  -28958
  16156 ,   -1220 ,   -5820 ,    -778 ,     847 ,    -951
  15792 ,   -1544 ,   -7340 ,    -919 ,     319 ,     421
  15480 ,   -1844 ,   -7496 ,    -602 ,    -199 ,     157
  15716 ,   -1768 ,   -7916 ,    -403 ,    -144 ,      -7
  15628 ,   -1716 ,   -7296 ,    -854 ,      34 ,     581
---  10960 ,   -2816 ,  -12904 ,    4976 ,    2543 ,     230
  13336 ,   -2980 ,   -9500 ,    7130 ,     102 ,   -6514
  17076 ,    1632 ,   -7432 ,   32767 ,  -14868 ,  -32768
  16072 ,   -1792 ,   -6868 ,   -2931 ,    2694 ,    -600
  15640 ,   -2232 ,   -7348 ,     297 ,     386 ,    -714
  15684 ,   -1996 ,   -7204 ,     299 ,     416 ,    -625
  15696 ,   -2372 ,   -6488 ,     -38 ,    -522 ,     266
  15920 ,   -2024 ,   -6684 ,     -73 ,      -2 ,    -112
  14784 ,   -2380 ,   -7488 ,     840 ,     577 ,     102
  16004 ,   -2360 ,   -6740 ,    -788 ,     -44 ,     357
---  14756 ,    3408 ,   -1760 ,  -32768 ,    1466 ,   32767
   9724 ,   -5012 ,  -10352 ,   -3019 ,    6053 ,   -1934
  14364 ,   -4240 ,   -9232 ,    -525 ,     773 ,    -407
  11156 ,    3464 ,  -11364 ,   32767 ,   -8119 ,  -32768
  14576 ,   -2528 ,   -4388 ,   -8343 ,    6277 ,    3470
  15344 ,   -3020 ,   -6460 ,     120 ,    -379 ,    -401
  16208 ,   -2468 ,   -5740 ,     343 ,     -27 ,    -467
  15520 ,   -2728 ,   -6896 ,   -5519 ,     175 ,    2963
  16328 ,   -2556 ,   -6236 ,    -747 ,       3 ,    -431
  15752 ,   -2224 ,   -6148 ,    1577 ,     -87 ,     -63
---   7880 ,   -4216 ,  -13972 ,   -8785 ,   -1711 ,   12050
  12104 ,   -4340 ,  -13336 ,    1700 ,    -763 ,   -2555
  11100 ,   -3520 ,  -13200 ,   -1394 ,     342 ,     251
   6696 ,    2916 ,  -22888 ,   32767 ,   -5661 ,  -32768
  15500 ,   -2680 ,   -2788 ,   -6348 ,   16109 ,   -4453
  15744 ,   -2624 ,   -7956 ,   -3458 ,   -1027 ,    1788
  15800 ,   -2064 ,   -7140 ,    -942 ,     857 ,     237
  15676 ,   -2444 ,   -6968 ,      18 ,     221 ,    -512
  15344 ,   -2468 ,   -6612 ,     -26 ,      22 ,     -75
  15880 ,   -2380 ,   -6868 ,    -137 ,    -212 ,    -136
---  13568 ,   -3684 ,  -12948 ,   -1263 ,    2191 ,   -5287
  11016 ,    -604 ,  -17216 ,   32699 ,   -5380 ,  -24630
  16072 ,   -4468 ,   -3616 ,   20945 ,     780 ,  -13603
  16208 ,   -2780 ,   -6260 ,    1859 ,    -576 ,   -2370
  16148 ,   -2580 ,   -5660 ,    1199 ,     275 ,    -765
  16088 ,   -2632 ,   -5540 ,     377 ,    -183 ,     589
  16664 ,   -2360 ,   -5812 ,    -133 ,     205 ,    -678
  15780 ,   -2824 ,   -5632 ,    -521 ,    -111 ,     -56
  16332 ,   -2284 ,   -5688 ,     108 ,     -33 ,     -85
  15912 ,   -2724 ,   -5604 ,    -639 ,       2 ,     -36
---  28312 ,    6736 ,    7792 ,  -32768 ,   -4047 ,   32767
  12296 ,   -6692 ,   -9648 ,   -5299 ,    3493 ,    7600
  12524 ,   -4372 ,  -10924 ,   10055 ,     206 ,   -9342
  17532 ,   -1836 ,   -6696 ,   32767 ,   -3450 ,  -18758
  16016 ,   -2592 ,   -5536 ,    3484 ,    -588 ,   -2237
  15644 ,   -2896 ,   -5820 ,    -172 ,     456 ,    -698
  16712 ,   -1652 ,   -6676 ,   -1170 ,   -1086 ,     813
  15872 ,   -2496 ,   -6352 ,      43 ,     -14 ,    -272
  15960 ,   -2432 ,   -6524 ,    -753 ,    -184 ,     311
  16064 ,   -2728 ,   -6448 ,    -722 ,    -791 ,      82
---  16824 ,   -3400 ,   -3712 ,   -2178 ,   -2297 ,   -4663
  20012 ,    3972 ,   -2696 ,  -32768 ,  -13302 ,   18628
   7824 ,   -3836 ,  -16972 ,  -12115 ,   15789 ,   32767
  12720 ,   -4328 ,  -10476 ,    1897 ,    1093 ,    -987
  13728 ,   -2556 ,   -8908 ,   21669 ,    5018 ,  -19484
  16720 ,   -2756 ,   -4076 ,   13970 ,    2715 ,   -7064
  16356 ,   -1840 ,   -5156 ,    3069 ,     738 ,   -2021
  16652 ,   -1844 ,   -5628 ,     943 ,    -379 ,    -790
  16524 ,   -1940 ,   -5680 ,    -100 ,     174 ,     695
  16852 ,   -2072 ,   -4800 ,     651 ,     245 ,     369
---  15916 ,   -4492 ,   -4164 ,   15303 ,   -4530 ,   -1166
  21640 ,    8140 ,    9328 ,  -32768 ,    7139 ,   32767
  12916 ,   -7504 ,   -9352 ,   -6663 ,    3328 ,    4165
  13840 ,   -6000 ,  -10000 ,    1234 ,     248 ,   -3726
  18872 ,    1096 ,   -6144 ,   32767 ,   -4230 ,  -27407
  15472 ,   -4200 ,   -5292 ,    5964 ,    -542 ,   -6358
  16108 ,   -3484 ,   -4584 ,    1457 ,     606 ,   -1409
  16180 ,   -3084 ,   -5280 ,     106 ,    -501 ,    -579
  16248 ,   -3044 ,   -5000 ,      24 ,      42 ,     -97
  16232 ,   -3092 ,   -4856 ,      93 ,      45 ,    -459
---  15568 ,   -4912 ,   -6716 ,    1927 ,   -1854 ,     476
  14512 ,   -4144 ,   -5952 ,  -10118 ,   -2188 ,    3160
  18308 ,    -976 ,     172 ,  -13508 ,  -15179 ,   15823
   6308 ,   -5996 ,  -12364 ,   -5597 ,    9549 ,   11962
  15856 ,   -3216 ,  -11588 ,    2418 ,    1180 ,   -4525
  11244 ,   -2168 ,  -14104 ,   24476 ,    -564 ,  -16578
  17456 ,   -2872 ,   -3568 ,   14316 ,    3873 ,   -8541
  16792 ,   -2216 ,   -5540 ,    -878 ,    -771 ,    -241
  16140 ,   -2496 ,   -5992 ,    -134 ,     -48 ,    -324
  15932 ,   -2736 ,   -5856 ,    -801 ,     264 ,     620
---  16820 ,    -524 ,    7288 ,  -32768 ,   -5587 ,   26940
  14972 ,   -2728 ,  -13808 ,   -6413 ,    -832 ,   -2796
  12164 ,   -5220 ,  -10372 ,      91 ,     879 ,     280
  16196 ,   -1804 ,   -9132 ,   32767 ,   -3416 ,  -27398
  15208 ,   -3092 ,   -6496 ,   15724 ,   -2639 ,   -7168
  16120 ,   -2484 ,   -4688 ,    3577 ,    1671 ,   -2420
  16256 ,   -2800 ,   -5020 ,     448 ,    -631 ,      17
  16280 ,   -2752 ,   -5192 ,    -576 ,     439 ,      17
  15852 ,   -2752 ,   -4784 ,    -412 ,      66 ,     276
  16536 ,   -2844 ,   -5268 ,     267 ,    -140 ,    -354
---  15208 ,   -5292 ,   -5372 ,    4657 ,     235 ,   -2406
  16860 ,   -2300 ,   -3136 ,    4268 ,     331 ,   -2564
   -548 ,    1364 ,  -12404 ,  -32768 ,    3554 ,   32767
  15600 ,   -3804 ,  -12168 ,    -300 ,    1128 ,   -2759
  12328 ,   -2944 ,  -14612 ,   19460 ,   -1731 ,  -14471
  18040 ,   -3604 ,   -4152 ,   32767 ,   -2100 ,  -14211
  15028 ,   -4272 ,   -6868 ,     873 ,      69 ,   -2738
  16048 ,   -3616 ,   -6032 ,    1225 ,     410 ,   -1715
  16052 ,   -3376 ,   -6152 ,     202 ,     204 ,    -250
  16276 ,   -3312 ,   -6344 ,     141 ,     -98 ,    -511
---  15704 ,   -3960 ,   -5760 ,    7032 ,   -2608 ,     874
  15936 ,   -3924 ,   -5152 ,   11438 ,   -8198 ,     389
   8356 ,    3564 ,  -18608 ,  -32768 ,    4478 ,   32767
  14640 ,   -4520 ,  -11040 ,    1841 ,    2054 ,   -1002
  14256 ,   -1676 ,  -14636 ,   32767 ,   -6183 ,  -20940
  14840 ,   -4384 ,   -4900 ,   10797 ,     126 ,   -6514
  16768 ,   -3292 ,   -4492 ,    3102 ,     654 ,   -2744
  16260 ,   -2916 ,   -4468 ,     495 ,     212 ,    -643
  16216 ,   -3200 ,   -4500 ,     433 ,    -325 ,    -105
  16184 ,   -3368 ,   -4620 ,    -275 ,     276 ,     -61
---  17452 ,    5212 ,   10644 ,  -32768 ,   -7552 ,   32767
  17944 ,   -4288 ,  -10540 ,   -2745 ,    2059 ,      46
  13248 ,   -4148 ,  -10032 ,     -45 ,     742 ,    -772
  12352 ,   -2504 ,  -10684 ,    3616 ,   -3238 ,   -6200
  16896 ,   -2536 ,   -4000 ,   32767 ,    3422 ,  -24394
  16028 ,   -2524 ,   -5764 ,     568 ,    1087 ,    -677
  16184 ,   -2528 ,   -6392 ,     180 ,     437 ,   -1084
  15996 ,   -2276 ,   -5792 ,    1631 ,    -410 ,    -748
  16164 ,   -2284 ,   -5920 ,    -497 ,    -135 ,      91
  16088 ,   -2404 ,   -6168 ,    -251 ,     203 ,      58
---  19016 ,   10968 ,   -1932 ,  -32768 ,   -3059 ,   32767
  13400 ,   -4424 ,  -10996 ,   -1213 ,    6349 ,    5631
  14084 ,   -4712 ,   -8796 ,    1834 ,     462 ,   -4043
  12952 ,   -3300 ,  -10032 ,    3668 ,    -557 ,   -2896
  15852 ,   -1048 ,   -6928 ,   32767 ,   -1890 ,  -27090
  17352 ,   -2456 ,   -4220 ,    6768 ,    -735 ,   -2670
  16356 ,   -3008 ,   -5360 ,      -6 ,    -198 ,    -817
  16096 ,   -2740 ,   -5868 ,    -671 ,    -157 ,    -247
  16148 ,   -2728 ,   -5472 ,     -94 ,     575 ,    -414
  16080 ,   -2800 ,   -5352 ,     134 ,     248 ,    -290
---  15092 ,   -4324 ,   -5240 ,    5775 ,     625 ,    2176
  16336 ,   -4952 ,   -3928 ,    4903 ,   -1052 ,   -1047
  17484 ,    8984 ,    8228 ,  -32768 ,   -3133 ,   32767
  11032 ,   -1668 ,  -13056 ,   -6376 ,    1089 ,    6481
  13724 ,   -2612 ,  -11720 ,     835 ,    -298 ,    -647
  12580 ,   -1812 ,  -12836 ,    6635 ,     519 ,   -6245
  16216 ,   -5852 ,   -2468 ,   24168 ,    5838 ,  -12392
  16672 ,   -2804 ,   -5592 ,     959 ,     -87 ,    -871
  16508 ,   -3048 ,   -5492 ,    -629 ,     205 ,     -49
  15896 ,   -3156 ,   -5256 ,    -618 ,      35 ,     296
---  15260 ,   -4864 ,   -4372 ,   14385 ,    -469 ,   -2223
  18176 ,    -572 ,    4572 ,  -27888 ,   -6115 ,   13005
   4664 ,     -76 ,  -15172 ,  -15551 ,    3503 ,   12220
  16904 ,   -3580 ,  -10248 ,    2283 ,    -602 ,     301
  20364 ,    2676 ,   -5800 ,   32767 ,   -6868 ,  -32768
  15556 ,   -2840 ,   -6256 ,     680 ,    1247 ,   -2791
  15784 ,   -2908 ,   -6180 ,    1591 ,     622 ,   -1240
  15776 ,   -3008 ,   -6524 ,   -1063 ,      24 ,     231
  16044 ,   -2828 ,   -6396 ,     111 ,     204 ,    -430
  15960 ,   -2880 ,   -6360 ,     -79 ,     183 ,    -322
---  13616 ,   -5216 ,   -8792 ,     108 ,     410 ,   -3017
  15080 ,   -3604 ,   -8828 ,    1382 ,    -395 ,   -2269
  15532 ,     808 ,   -7128 ,   32767 ,   -4478 ,  -28195
  16356 ,   -2404 ,   -5812 ,    3208 ,    -150 ,   -1577
  15528 ,   -2764 ,   -6184 ,      98 ,     490 ,    -499
  16220 ,   -2576 ,   -6472 ,    -325 ,     238 ,     139
  15960 ,   -2492 ,   -6036 ,    -163 ,    -395 ,    -140
  16048 ,   -2376 ,   -6304 ,    -594 ,      98 ,    -204
  15976 ,   -2384 ,   -6136 ,    -136 ,     157 ,     -19
  15992 ,   -2640 ,   -6044 ,     132 ,     169 ,     -67
---  10020 ,    4808 ,  -16896 ,  -32768 ,     190 ,   32767
  14364 ,   -3840 ,  -10680 ,    -266 ,    2165 ,   -1726
  14228 ,   -3228 ,  -10436 ,     691 ,    -875 ,   -2666
  13384 ,    -896 ,  -14208 ,   15903 ,   -2109 ,  -15431
  17268 ,    -436 ,   -6748 ,   26344 ,    9060 ,  -19475
  15268 ,   -2636 ,   -5644 ,   -1240 ,     530 ,    1069
  16248 ,   -2516 ,   -6036 ,     603 ,       1 ,    -223
  15772 ,   -2680 ,   -6100 ,   -1932 ,    -512 ,     899
  15924 ,   -2676 ,   -6156 ,      98 ,    -193 ,     -90
  16012 ,   -2552 ,   -6360 ,    -461 ,     349 ,      57
---  15688 ,   -5768 ,   -4488 ,    5275 ,   -3121 ,       6
  16900 ,    2020 ,    5180 ,  -32768 ,   -6964 ,   32767
   6688 ,   -1224 ,  -13216 ,   -5886 ,    -348 ,    1504
  17564 ,   -3448 ,   -9328 ,     604 ,    1372 ,    1072
  12732 ,   -1796 ,  -13592 ,    8755 ,   -2942 ,   -9688
  14848 ,   -6584 ,   -4816 ,   10695 ,    7015 ,   -5886
  15100 ,   -3760 ,   -7608 ,    2165 ,    1531 ,   -2375
  16172 ,   -2480 ,   -6524 ,      53 ,     596 ,    -278
  15840 ,   -2616 ,   -6676 ,    -367 ,      19 ,    -169
  15964 ,   -2624 ,   -6396 ,     -84 ,      87 ,     -74
---  15920 ,   -4768 ,   -4572 ,    -298 ,   -1293 ,   -1438
   8596 ,    7316 ,  -17124 ,  -32768 ,   26026 ,   32767
  14180 ,   -4432 ,  -11696 ,   -3763 ,     420 ,    -381
  12712 ,   -3668 ,  -10936 ,      50 ,    1066 ,    -161
  15484 ,    4668 ,  -10388 ,   32767 ,   -8719 ,  -32768
  16808 ,   -2156 ,   -4272 ,    1918 ,     295 ,   -2555
  15380 ,   -2600 ,   -5888 ,   -3114 ,      34 ,    1061
  15976 ,   -1992 ,   -6716 ,    -246 ,     975 ,    -422
  15616 ,   -2512 ,   -5928 ,     -30 ,     104 ,    -167
  15992 ,   -2456 ,   -6436 ,    -939 ,     -97 ,     251
---  15988 ,   -3424 ,   -6396 ,    4185 ,   -1611 ,    2609
  19828 ,     964 ,    -124 ,  -32768 ,    1114 ,   32767
  12228 ,   -2216 ,  -11884 ,    -584 ,    3823 ,   10085
  14000 ,   -5388 ,   -9432 ,     833 ,    -450 ,   -2775
  13288 ,   -3516 ,  -11524 ,    5127 ,    -763 ,   -3772
  19332 ,   -2516 ,   -4596 ,   26349 ,    9041 ,  -11994
  15972 ,   -1848 ,   -7176 ,    1315 ,    -187 ,    -180
  15916 ,   -2116 ,   -6924 ,     465 ,    -237 ,    -678
  15580 ,   -2504 ,   -7132 ,     108 ,    -119 ,    -206
  15760 ,   -2240 ,   -6376 ,      85 ,     498 ,    -339
---  19152 ,    8408 ,   -5720 ,  -32768 ,   23980 ,   27604
  13188 ,   -2724 ,  -11656 ,   -9200 ,    3961 ,   10515
  15396 ,   -3124 ,   -9948 ,     356 ,     674 ,    -518
  14888 ,   -1888 ,  -11828 ,    8647 ,   -4860 ,   -4763
  17024 ,    2368 ,   -6524 ,   32767 ,  -10938 ,  -23351
  15688 ,   -3724 ,   -5968 ,    4209 ,     -32 ,   -7914
  15848 ,   -3924 ,   -5968 ,     -26 ,     340 ,    -667
  15700 ,   -3784 ,   -5944 ,     356 ,      -5 ,    -518
  15896 ,   -3624 ,   -6228 ,     177 ,    -497 ,    -165
  15680 ,   -3720 ,   -6256 ,     -55 ,    -200 ,    -479
---  15492 ,   -4928 ,   -6600 ,    5769 ,   -3187 ,    -342
  13712 ,    8564 ,   -4160 ,  -32768 ,   15517 ,   32767
  17576 ,   -1900 ,   -9160 ,   -1415 ,    3197 ,    4653
  14668 ,   -4576 ,   -8508 ,    6304 ,    -964 ,   -3665
  13612 ,   -1600 ,  -11540 ,   23311 ,  -10800 ,  -15800
  16152 ,   -1924 ,   -6728 ,   32767 ,   -1636 ,  -13764
  16212 ,   -2676 ,   -4544 ,    1995 ,     -32 ,    -451
  16600 ,   -3372 ,   -6212 ,    1005 ,   -1015 ,    1146
  15148 ,   -4048 ,   -5188 ,    8087 ,   -2989 ,     315
  15592 ,   -4520 ,   -5028 ,   12560 ,     204 ,   -4344
---  13160 ,    5912 ,  -19068 ,  -29623 ,    6917 ,   28075
  16776 ,   -4016 ,   -7820 ,    -162 ,     647 ,   -1705
  14592 ,   -2228 ,   -9012 ,    1750 ,    -760 ,   -1522
  21196 ,    1716 ,   -4884 ,   32767 ,    3053 ,  -27664
  15712 ,   -1732 ,   -6992 ,   -1881 ,      90 ,    1299
  15988 ,   -1772 ,   -6468 ,    -566 ,     -13 ,     -75
  15740 ,   -1900 ,   -6588 ,    -181 ,     124 ,      93
  16112 ,   -1884 ,   -6524 ,    -896 ,     302 ,     617
  15720 ,   -1876 ,   -6424 ,      65 ,     -17 ,    -377
  16100 ,   -1892 ,   -6696 ,    -197 ,      32 ,      72
---  16192 ,     576 ,   -2788 ,    3617 ,   -3507 ,    -237
  10012 ,    4988 ,  -15224 ,  -32768 ,     -44 ,   32767
  16860 ,    -860 ,   -9248 ,    1485 ,    3064 ,   -6137
  14572 ,    -752 ,  -10816 ,    4525 ,   -1981 ,   -3441
  19540 ,   -1836 ,   -3040 ,   32767 ,    7448 ,  -18276
  15624 ,   -2380 ,   -7416 ,     -35 ,     338 ,    -810
  15636 ,   -1896 ,   -7032 ,     162 ,     311 ,    -873
  15436 ,   -2220 ,   -6980 ,    -327 ,     162 ,      56
  15688 ,   -2072 ,   -7012 ,    -453 ,     131 ,      59
  15796 ,   -2112 ,   -6896 ,      73 ,     284 ,    -411
---  14964 ,   -4356 ,   -8020 ,    2028 ,   -3112 ,    2595
  14968 ,   -4496 ,   -9476 ,     386 ,     -49 ,   -3171
  13332 ,   17584 ,  -15236 ,  -32768 ,   17234 ,   32767
  17384 ,   -1472 ,   -9260 ,     686 ,    3570 ,    2894
  15236 ,   -2096 ,   -9424 ,    4554 ,     -18 ,   -2691
  14252 ,    4248 ,   -9300 ,   32767 ,  -10506 ,  -32768
  16132 ,   -2220 ,   -5160 ,   13642 ,     310 ,   -8167
  15996 ,   -1920 ,   -6728 ,    -163 ,    -140 ,    -753
  16308 ,   -1592 ,   -6396 ,     817 ,     795 ,     112
  15812 ,   -2108 ,   -5832 ,     -81 ,     137 ,     -35
---  16204 ,   -3692 ,   -5476 ,     288 ,     -81 ,    -218
  17812 ,     136 ,    2072 ,  -32768 ,   -8522 ,   24234
   9036 ,    2480 ,  -14952 ,  -12493 ,    1359 ,    9088
  15192 ,   -2300 ,   -8928 ,     532 ,     687 ,   -1041
  15316 ,   -2000 ,   -9016 ,    2580 ,    1560 ,   -1480
  11764 ,    1088 ,  -14704 ,   32767 ,  -13604 ,  -26789
  15140 ,   -2964 ,   -5084 ,    9130 ,    3089 ,   -5695
  15664 ,   -2284 ,   -6852 ,     330 ,     359 ,    -361
  15828 ,   -2376 ,   -7424 ,     265 ,     -14 ,    -200
  15468 ,   -2344 ,   -7228 ,    -355 ,    -308 ,    -298
---  18156 ,    3432 ,   -8004 ,  -32768 ,    2736 ,   26992
  15008 ,   -1308 ,   -9816 ,      68 ,     385 ,     863
  14636 ,   -1576 ,   -9376 ,     302 ,   -1023 ,    -406
  11892 ,    5396 ,  -12620 ,   32767 ,   -1693 ,  -32768
  16296 ,    -384 ,   -3540 ,    5028 ,    6886 ,   -6687
  16020 ,    -828 ,   -6880 ,    -269 ,     635 ,    -678
  16352 ,    -360 ,   -6704 ,    -841 ,    -112 ,     192
  15820 ,    -520 ,   -6600 ,    -316 ,      12 ,    -150
  15896 ,    -604 ,   -6680 ,    -351 ,      37 ,     155
  16116 ,    -236 ,   -6468 ,     -93 ,     286 ,    -347
---   8464 ,   -1944 ,  -12476 ,    1557 ,     899 ,    6420
  12896 ,   -2612 ,  -10672 ,    -339 ,     872 ,     255
  13260 ,   -2672 ,  -10896 ,    3095 ,    -263 ,   -3650
  18644 ,      12 ,   -6484 ,   32767 ,    4094 ,  -32320
  17064 ,   -1172 ,   -4804 ,    5103 ,    2676 ,   -5339
  16136 ,   -1544 ,   -4936 ,     667 ,     196 ,    -569
  16392 ,   -1364 ,   -5308 ,    -234 ,    -181 ,      84
  16304 ,   -1500 ,   -5280 ,     -54 ,     -87 ,      61
  16672 ,   -1172 ,   -5076 ,     113 ,     -13 ,    -316
  16492 ,   -1424 ,   -5196 ,     134 ,     450 ,     -96
---  17500 ,   10772 ,  -16560 ,  -32768 ,    4039 ,   32767
  15204 ,   -2832 ,   -7692 ,     354 ,     323 ,   -3187
  14392 ,   -2216 ,   -8832 ,    1364 ,    -246 ,    -365
  15028 ,    5720 ,   -4584 ,   32767 ,   -8241 ,  -32768
  16560 ,    -256 ,   -5476 ,     507 ,    -473 ,     316
  15664 ,   -1132 ,   -6532 ,     -19 ,     157 ,    -492
  16004 ,    -768 ,   -5972 ,     -29 ,    -130 ,      21
  16204 ,    -652 ,   -6004 ,    -276 ,     238 ,    -215
  16072 ,    -700 ,   -5984 ,    -355 ,     -89 ,    -268
  16356 ,    -696 ,   -5920 ,    -140 ,    -202 ,    -166
---  15800 ,   -1684 ,   -4856 ,    1418 ,     710 ,    -475
  16836 ,    -684 ,   -5076 ,    -185 ,   -3065 ,      54
  17892 ,    9300 ,  -18324 ,  -32768 ,   16936 ,   32767
  13016 ,   -4180 ,   -9628 ,   -6528 ,    2103 ,    3731
  14284 ,   -4732 ,   -8576 ,    -121 ,    -169 ,   -1178
  11588 ,    4188 ,  -13572 ,   32767 ,  -12421 ,  -32768
  15656 ,     304 ,   -5100 ,    1240 ,   -1165 ,    -432
  16072 ,   -1804 ,   -6644 ,   -1486 ,    1026 ,    1223
  16100 ,   -1264 ,   -6000 ,    -477 ,     327 ,      83
  16196 ,   -1284 ,   -5816 ,      79 ,     128 ,    -330
---  17808 ,    4980 ,   -9964 ,  -32768 ,    7245 ,   32767
  16596 ,   -2112 ,  -10180 ,    -800 ,    4425 ,    6855
  15000 ,   -3228 ,   -8152 ,    1366 ,   -1105 ,   -5506
  13576 ,    -184 ,  -14448 ,   25395 ,   -5841 ,  -16140
  16332 ,    -956 ,   -5156 ,   24806 ,    5508 ,  -13296
  16316 ,    -816 ,   -5404 ,   -2971 ,     276 ,    1042
  16228 ,    -820 ,   -5712 ,    -132 ,     229 ,     108
  16224 ,    -536 ,   -5748 ,    -752 ,     425 ,    -230
  16152 ,    -580 ,   -5680 ,    -501 ,     223 ,     -41
  15992 ,    -796 ,   -5700 ,    -169 ,      21 ,     -51
---  17340 ,   14532 ,   -8872 ,  -32768 ,   13782 ,   32767
  13124 ,    -836 ,  -10908 ,   -2375 ,     935 ,    1632
  14796 ,   -1696 ,   -9192 ,    1628 ,      33 ,   -1048
  13056 ,    2124 ,  -15072 ,   32767 ,   -7494 ,  -24415
  16368 ,   -1336 ,   -3728 ,    5390 ,    5682 ,   -1427
  15732 ,    -876 ,   -6864 ,   -1541 ,    -120 ,     602
  16112 ,    -856 ,   -6864 ,     345 ,     244 ,      55
  15896 ,    -896 ,   -6868 ,    -162 ,     168 ,     -80
  15668 ,   -1072 ,   -6648 ,    -538 ,     -58 ,      39
  16040 ,    -888 ,   -6512 ,    -415 ,      11 ,     -29
---  14920 ,   -2732 ,   -7552 ,   12644 ,   -2341 ,   -1737
  17536 ,    2652 ,   -2792 ,  -32768 ,      56 ,   32767
  11872 ,   -2492 ,  -10580 ,   -1920 ,    3237 ,    1895
  15304 ,   -2992 ,   -8216 ,      38 ,    -577 ,   -1271
  12388 ,    5372 ,  -16512 ,   32767 ,   -9413 ,  -32768
  15228 ,    -732 ,   -6036 ,    1555 ,    1902 ,   -2698
  15056 ,   -1948 ,   -6560 ,   -5790 ,    5180 ,    -841
  17880 ,    -320 ,   -4128 ,   -1210 ,    5703 ,     435
  18132 ,    -340 ,    2236 ,   -4136 ,   12505 ,    3125
  11020 ,   -4576 ,    5956 ,   -1031 ,    6855 ,    1281
